"Time Stamp","Name","PTID","LBMP ($/MWHr)","Marginal Cost Losses ($/MWHr)","Marginal Cost Congestion ($/MWHr)"
"05/21/2014 00:05:00","CAPITL",61757,27.97,0.87,0.00
"05/21/2014 00:05:00","CENTRL",61754,27.32,0.22,0.00
"05/21/2014 00:05:00","DUNWOD",61760,29.22,2.12,0.00
"05/21/2014 00:05:00","GENESE",61753,27.18,0.08,0.00
"05/21/2014 00:05:00","H Q",61844,26.51,-0.60,0.00
"05/21/2014 00:05:00","HUD VL",61758,29.22,2.12,0.00
"05/21/2014 00:05:00","LONGIL",61762,29.68,2.58,0.00
"05/21/2014 00:05:00","MHK VL",61756,27.43,0.33,0.00
"05/21/2014 00:05:00","MILLWD",61759,29.22,2.12,0.00
"05/21/2014 00:05:00","N.Y.C.",61761,29.49,2.39,0.00
"05/21/2014 00:05:00","NORTH",61755,25.94,-1.16,0.00
"05/21/2014 00:05:00","NPX",61845,28.40,1.30,0.00
"05/21/2014 00:05:00","O H",61846,25.45,-1.65,0.00
"05/21/2014 00:05:00","PJM",61847,27.73,0.62,0.00
"05/21/2014 00:05:00","WEST",61752,25.66,-1.44,0.00
"05/21/2014 00:10:00","CAPITL",61757,29.39,0.97,0.00
"05/21/2014 00:10:00","CENTRL",61754,28.59,0.17,0.00
"05/21/2014 00:10:00","DUNWOD",61760,30.69,2.27,0.00
"05/21/2014 00:10:00","GENESE",61753,28.48,0.06,0.00
"05/21/2014 00:10:00","H Q",61844,27.77,-0.65,0.00
"05/21/2014 00:10:00","HUD VL",61758,30.66,2.24,0.00
"05/21/2014 00:10:00","LONGIL",61762,31.17,2.76,0.00
"05/21/2014 00:10:00","MHK VL",61756,28.73,0.31,0.00
"05/21/2014 00:10:00","MILLWD",61759,30.69,2.27,0.00
"05/21/2014 00:10:00","N.Y.C.",61761,30.95,2.53,0.00
"05/21/2014 00:10:00","NORTH",61755,27.11,-1.31,0.00
"05/21/2014 00:10:00","NPX",61845,29.84,1.42,0.00
"05/21/2014 00:10:00","O H",61846,26.60,-1.82,0.00
"05/21/2014 00:10:00","PJM",61847,29.04,0.62,0.00
"05/21/2014 00:10:00","WEST",61752,26.86,-1.56,0.00
"05/21/2014 00:15:00","CAPITL",61757,29.44,0.94,0.00
"05/21/2014 00:15:00","CENTRL",61754,28.75,0.26,0.00
"05/21/2014 00:15:00","DUNWOD",61760,30.69,2.19,0.00
"05/21/2014 00:15:00","GENESE",61753,28.52,0.03,0.00
"05/21/2014 00:15:00","H Q",61844,27.87,-0.63,0.00
"05/21/2014 00:15:00","HUD VL",61758,30.66,2.16,0.00
"05/21/2014 00:15:00","LONGIL",61762,31.12,2.62,0.00
"05/21/2014 00:15:00","MHK VL",61756,28.84,0.34,0.00
"05/21/2014 00:15:00","MILLWD",61759,30.66,2.16,0.00
"05/21/2014 00:15:00","N.Y.C.",61761,30.92,2.42,0.00
"05/21/2014 00:15:00","NORTH",61755,27.21,-1.28,0.00
"05/21/2014 00:15:00","NPX",61845,29.86,1.37,0.00
"05/21/2014 00:15:00","O H",61846,26.73,-1.77,0.00
"05/21/2014 00:15:00","PJM",61847,29.18,0.68,0.00
"05/21/2014 00:15:00","WEST",61752,26.93,-1.57,0.00
"05/21/2014 00:20:00","CAPITL",61757,28.00,0.87,0.00
"05/21/2014 00:20:00","CENTRL",61754,27.64,0.51,0.00
"05/21/2014 00:20:00","DUNWOD",61760,29.11,1.98,0.00
"05/21/2014 00:20:00","GENESE",61753,27.37,0.24,0.00
"05/21/2014 00:20:00","H Q",61844,26.45,-0.68,0.00
"05/21/2014 00:20:00","HUD VL",61758,29.14,2.01,0.00
"05/21/2014 00:20:00","LONGIL",61762,29.52,2.39,0.00
"05/21/2014 00:20:00","MHK VL",61756,27.51,0.38,0.00
"05/21/2014 00:20:00","MILLWD",61759,29.11,1.98,0.00
"05/21/2014 00:20:00","N.Y.C.",61761,29.30,2.17,0.00
"05/21/2014 00:20:00","NORTH",61755,25.72,-1.41,0.00
"05/21/2014 00:20:00","NPX",61845,28.38,1.25,0.00
"05/21/2014 00:20:00","O H",61846,25.94,-1.19,0.00
"05/21/2014 00:20:00","PJM",61847,28.00,0.87,0.00
"05/21/2014 00:20:00","WEST",61752,26.07,-1.06,0.00
"05/21/2014 00:25:00","CAPITL",61757,27.97,0.95,0.00
"05/21/2014 00:25:00","CENTRL",61754,27.43,0.41,0.00
"05/21/2014 00:25:00","DUNWOD",61760,29.02,2.00,0.00
"05/21/2014 00:25:00","GENESE",61753,27.19,0.16,0.00
"05/21/2014 00:25:00","H Q",61844,26.35,-0.67,0.00
"05/21/2014 00:25:00","HUD VL",61758,29.05,2.03,0.00
"05/21/2014 00:25:00","LONGIL",61762,29.46,2.43,0.00
"05/21/2014 00:25:00","MHK VL",61756,27.37,0.35,0.00
"05/21/2014 00:25:00","MILLWD",61759,29.02,2.00,0.00
"05/21/2014 00:25:00","N.Y.C.",61761,29.21,2.19,0.00
"05/21/2014 00:25:00","NORTH",61755,25.62,-1.41,0.00
"05/21/2014 00:25:00","NPX",61845,28.35,1.32,0.00
"05/21/2014 00:25:00","O H",61846,25.67,-1.35,0.00
"05/21/2014 00:25:00","PJM",61847,27.81,0.78,0.00
"05/21/2014 00:25:00","WEST",61752,25.81,-1.22,0.00
"05/21/2014 00:30:00","CAPITL",61757,27.84,0.92,0.00
"05/21/2014 00:30:00","CENTRL",61754,27.33,0.40,0.00
"05/21/2014 00:30:00","DUNWOD",61760,28.92,1.99,0.00
"05/21/2014 00:30:00","GENESE",61753,27.14,0.21,0.00
"05/21/2014 00:30:00","H Q",61844,26.25,-0.67,0.00
"05/21/2014 00:30:00","HUD VL",61758,28.92,1.99,0.00
"05/21/2014 00:30:00","LONGIL",61762,29.32,2.40,0.00
"05/21/2014 00:30:00","MHK VL",61756,27.28,0.35,0.00
"05/21/2014 00:30:00","MILLWD",61759,28.92,1.99,0.00
"05/21/2014 00:30:00","N.Y.C.",61761,29.11,2.18,0.00
"05/21/2014 00:30:00","NORTH",61755,25.53,-1.40,0.00
"05/21/2014 00:30:00","NPX",61845,28.22,1.29,0.00
"05/21/2014 00:30:00","O H",61846,25.66,-1.27,0.00
"05/21/2014 00:30:00","PJM",61847,27.71,0.78,0.00
"05/21/2014 00:30:00","WEST",61752,25.82,-1.11,0.00
"05/21/2014 00:35:00","CAPITL",61757,27.84,0.94,0.00
"05/21/2014 00:35:00","CENTRL",61754,27.25,0.35,0.00
"05/21/2014 00:35:00","DUNWOD",61760,28.92,2.02,0.00
"05/21/2014 00:35:00","GENESE",61753,27.03,0.14,0.00
"05/21/2014 00:35:00","H Q",61844,26.25,-0.65,0.00
"05/21/2014 00:35:00","HUD VL",61758,28.92,2.02,0.00
"05/21/2014 00:35:00","LONGIL",61762,29.35,2.45,0.00
"05/21/2014 00:35:00","MHK VL",61756,27.22,0.32,0.00
"05/21/2014 00:35:00","MILLWD",61759,28.89,1.99,0.00
"05/21/2014 00:35:00","N.Y.C.",61761,29.11,2.21,0.00
"05/21/2014 00:35:00","NORTH",61755,25.56,-1.34,0.00
"05/21/2014 00:35:00","NPX",61845,28.22,1.32,0.00
"05/21/2014 00:35:00","O H",61846,25.47,-1.43,0.00
"05/21/2014 00:35:00","PJM",61847,27.65,0.75,0.00
"05/21/2014 00:35:00","WEST",61752,25.64,-1.26,0.00
"05/21/2014 00:40:00","CAPITL",61757,27.70,0.94,0.00
"05/21/2014 00:40:00","CENTRL",61754,27.13,0.37,0.00
"05/21/2014 00:40:00","DUNWOD",61760,28.74,1.98,0.00
"05/21/2014 00:40:00","GENESE",61753,26.89,0.13,0.00
"05/21/2014 00:40:00","H Q",61844,26.12,-0.64,0.00
"05/21/2014 00:40:00","HUD VL",61758,28.77,2.01,0.00
"05/21/2014 00:40:00","LONGIL",61762,29.14,2.38,0.00
"05/21/2014 00:40:00","MHK VL",61756,27.08,0.32,0.00
"05/21/2014 00:40:00","MILLWD",61759,28.74,1.98,0.00
"05/21/2014 00:40:00","N.Y.C.",61761,28.95,2.19,0.00
"05/21/2014 00:40:00","NORTH",61755,25.40,-1.36,0.00
"05/21/2014 00:40:00","NPX",61845,28.07,1.31,0.00
"05/21/2014 00:40:00","O H",61846,25.37,-1.39,0.00
"05/21/2014 00:40:00","PJM",61847,27.51,0.75,0.00
"05/21/2014 00:40:00","WEST",61752,25.50,-1.26,0.00
"05/21/2014 00:45:00","CAPITL",61757,27.79,0.94,0.00
"05/21/2014 00:45:00","CENTRL",61754,27.17,0.32,0.00
"05/21/2014 00:45:00","DUNWOD",61760,28.89,2.04,0.00
"05/21/2014 00:45:00","GENESE",61753,26.93,0.08,0.00
"05/21/2014 00:45:00","H Q",61844,26.18,-0.67,0.00
"05/21/2014 00:45:00","HUD VL",61758,28.89,2.04,0.00
"05/21/2014 00:45:00","LONGIL",61762,29.29,2.44,0.00
"05/21/2014 00:45:00","MHK VL",61756,27.17,0.32,0.00
"05/21/2014 00:45:00","MILLWD",61759,28.89,2.04,0.00
"05/21/2014 00:45:00","N.Y.C.",61761,29.07,2.23,0.00
"05/21/2014 00:45:00","NORTH",61755,25.48,-1.37,0.00
"05/21/2014 00:45:00","NPX",61845,28.22,1.37,0.00
"05/21/2014 00:45:00","O H",61846,25.34,-1.50,0.00
"05/21/2014 00:45:00","PJM",61847,27.60,0.75,0.00
"05/21/2014 00:45:00","WEST",61752,25.51,-1.34,0.00
"05/21/2014 00:50:00","CAPITL",61757,29.63,1.03,0.00
"05/21/2014 00:50:00","CENTRL",61754,28.95,0.34,0.00
"05/21/2014 00:50:00","DUNWOD",61760,30.75,2.15,0.00
"05/21/2014 00:50:00","GENESE",61753,28.72,0.11,0.00
"05/21/2014 00:50:00","H Q",61844,27.91,-0.69,0.00
"05/21/2014 00:50:00","HUD VL",61758,30.75,2.15,0.00
"05/21/2014 00:50:00","LONGIL",61762,31.15,2.54,0.00
"05/21/2014 00:50:00","MHK VL",61756,28.95,0.34,0.00
"05/21/2014 00:50:00","MILLWD",61759,30.72,2.12,0.00
"05/21/2014 00:50:00","N.Y.C.",61761,30.92,2.32,0.00
"05/21/2014 00:50:00","NORTH",61755,27.17,-1.43,0.00
"05/21/2014 00:50:00","NPX",61845,30.06,1.46,0.00
"05/21/2014 00:50:00","O H",61846,27.06,-1.54,0.00
"05/21/2014 00:50:00","PJM",61847,29.40,0.80,0.00
"05/21/2014 00:50:00","WEST",61752,27.23,-1.37,0.00
"05/21/2014 00:55:00","CAPITL",61757,27.77,0.96,0.00
"05/21/2014 00:55:00","CENTRL",61754,27.16,0.35,0.00
"05/21/2014 00:55:00","DUNWOD",61760,28.82,2.01,0.00
"05/21/2014 00:55:00","GENESE",61753,26.89,0.08,0.00
"05/21/2014 00:55:00","H Q",61844,26.14,-0.67,0.00
"05/21/2014 00:55:00","HUD VL",61758,28.85,2.04,0.00
"05/21/2014 00:55:00","LONGIL",61762,29.22,2.41,0.00
"05/21/2014 00:55:00","MHK VL",61756,27.13,0.32,0.00
"05/21/2014 00:55:00","MILLWD",61759,28.82,2.01,0.00
"05/21/2014 00:55:00","N.Y.C.",61761,29.01,2.20,0.00
"05/21/2014 00:55:00","NORTH",61755,25.44,-1.37,0.00
"05/21/2014 00:55:00","NPX",61845,28.18,1.37,0.00
"05/21/2014 00:55:00","O H",61846,25.36,-1.45,0.00
"05/21/2014 00:55:00","PJM",61847,27.59,0.78,0.00
"05/21/2014 00:55:00","WEST",61752,25.52,-1.29,0.00
"05/21/2014 01:00:00","CAPITL",61757,34.75,1.34,0.00
"05/21/2014 01:00:00","CENTRL",61754,33.74,0.33,0.00
"05/21/2014 01:00:00","DUNWOD",61760,35.88,2.47,0.00
"05/21/2014 01:00:00","GENESE",61753,33.47,0.07,0.00
"05/21/2014 01:00:00","H Q",61844,32.61,-0.80,0.00
"05/21/2014 01:00:00","HUD VL",61758,35.91,2.51,0.00
"05/21/2014 01:00:00","LONGIL",61762,36.38,2.97,0.00
"05/21/2014 01:00:00","MHK VL",61756,33.74,0.33,0.00
"05/21/2014 01:00:00","MILLWD",61759,35.88,2.47,0.00
"05/21/2014 01:00:00","N.Y.C.",61761,36.08,2.67,0.00
"05/21/2014 01:00:00","NORTH",61755,31.74,-1.67,0.00
"05/21/2014 01:00:00","NPX",61845,35.21,1.80,0.00
"05/21/2014 01:00:00","O H",61846,31.47,-1.94,0.00
"05/21/2014 01:00:00","PJM",61847,34.24,0.84,0.00
"05/21/2014 01:00:00","WEST",61752,31.67,-1.74,0.00
"05/21/2014 01:05:00","CAPITL",61757,37.02,1.49,0.00
"05/21/2014 01:05:00","CENTRL",61754,35.78,0.25,0.00
"05/21/2014 01:05:00","DUNWOD",61760,38.12,2.59,0.00
"05/21/2014 01:05:00","GENESE",61753,35.53,0.00,0.00
"05/21/2014 01:05:00","H Q",61844,34.68,-0.85,0.00
"05/21/2014 01:05:00","HUD VL",61758,38.16,2.63,0.00
"05/21/2014 01:05:00","LONGIL",61762,38.69,3.16,0.00
"05/21/2014 01:05:00","MHK VL",61756,35.89,0.36,0.00
"05/21/2014 01:05:00","MILLWD",61759,38.09,2.56,0.00
"05/21/2014 01:05:00","N.Y.C.",61761,38.27,2.74,0.00
"05/21/2014 01:05:00","NORTH",61755,33.76,-1.78,0.00
"05/21/2014 01:05:00","NPX",61845,37.55,2.02,0.00
"05/21/2014 01:05:00","O H",61846,33.36,-2.17,0.00
"05/21/2014 01:05:00","PJM",61847,36.31,0.78,0.00
"05/21/2014 01:05:00","WEST",61752,33.58,-1.95,0.00
"05/21/2014 01:10:00","CAPITL",61757,37.06,1.46,0.00
"05/21/2014 01:10:00","CENTRL",61754,36.06,0.46,0.00
"05/21/2014 01:10:00","DUNWOD",61760,38.09,2.49,0.00
"05/21/2014 01:10:00","GENESE",61753,35.74,0.14,0.00
"05/21/2014 01:10:00","H Q",61844,34.71,-0.89,0.00
"05/21/2014 01:10:00","HUD VL",61758,38.16,2.56,0.00
"05/21/2014 01:10:00","LONGIL",61762,38.69,3.10,0.00
"05/21/2014 01:10:00","MHK VL",61756,35.95,0.36,0.00
"05/21/2014 01:10:00","MILLWD",61759,38.09,2.49,0.00
"05/21/2014 01:10:00","N.Y.C.",61761,38.27,2.67,0.00
"05/21/2014 01:10:00","NORTH",61755,33.71,-1.89,0.00
"05/21/2014 01:10:00","NPX",61845,37.55,1.96,0.00
"05/21/2014 01:10:00","O H",61846,33.78,-1.81,0.00
"05/21/2014 01:10:00","PJM",61847,36.52,0.92,0.00
"05/21/2014 01:10:00","WEST",61752,33.99,-1.60,0.00
"05/21/2014 01:15:00","CAPITL",61757,37.06,1.49,0.00
"05/21/2014 01:15:00","CENTRL",61754,35.92,0.36,0.00
"05/21/2014 01:15:00","DUNWOD",61760,38.05,2.49,0.00
"05/21/2014 01:15:00","GENESE",61753,35.60,0.04,0.00
"05/21/2014 01:15:00","H Q",61844,34.71,-0.85,0.00
"05/21/2014 01:15:00","HUD VL",61758,38.13,2.56,0.00
"05/21/2014 01:15:00","LONGIL",61762,38.59,3.02,0.00
"05/21/2014 01:15:00","MHK VL",61756,35.92,0.36,0.00
"05/21/2014 01:15:00","MILLWD",61759,38.05,2.49,0.00
"05/21/2014 01:15:00","N.Y.C.",61761,38.23,2.67,0.00
"05/21/2014 01:15:00","NORTH",61755,33.79,-1.78,0.00
"05/21/2014 01:15:00","NPX",61845,37.56,1.99,0.00
"05/21/2014 01:15:00","O H",61846,33.50,-2.06,0.00
"05/21/2014 01:15:00","PJM",61847,36.38,0.82,0.00
"05/21/2014 01:15:00","WEST",61752,33.68,-1.89,0.00
"05/21/2014 01:20:00","CAPITL",61757,36.37,1.36,0.00
"05/21/2014 01:20:00","CENTRL",61754,35.53,0.53,0.00
"05/21/2014 01:20:00","DUNWOD",61760,37.39,2.38,0.00
"05/21/2014 01:20:00","GENESE",61753,35.22,0.21,0.00
"05/21/2014 01:20:00","H Q",61844,34.13,-0.87,0.00
"05/21/2014 01:20:00","HUD VL",61758,37.45,2.45,0.00
"05/21/2014 01:20:00","LONGIL",61762,37.98,2.97,0.00
"05/21/2014 01:20:00","MHK VL",61756,35.39,0.39,0.00
"05/21/2014 01:20:00","MILLWD",61759,37.39,2.38,0.00
"05/21/2014 01:20:00","N.Y.C.",61761,37.56,2.55,0.00
"05/21/2014 01:20:00","NORTH",61755,33.18,-1.82,0.00
"05/21/2014 01:20:00","NPX",61845,36.82,1.82,0.00
"05/21/2014 01:20:00","O H",61846,33.36,-1.64,0.00
"05/21/2014 01:20:00","PJM",61847,35.95,0.95,0.00
"05/21/2014 01:20:00","WEST",61752,33.50,-1.50,0.00
"05/21/2014 01:25:00","CAPITL",61757,35.53,1.37,0.00
"05/21/2014 01:25:00","CENTRL",61754,34.57,0.41,0.00
"05/21/2014 01:25:00","DUNWOD",61760,36.55,2.39,0.00
"05/21/2014 01:25:00","GENESE",61753,34.26,0.10,0.00
"05/21/2014 01:25:00","H Q",61844,33.34,-0.82,0.00
"05/21/2014 01:25:00","HUD VL",61758,36.58,2.43,0.00
"05/21/2014 01:25:00","LONGIL",61762,37.10,2.94,0.00
"05/21/2014 01:25:00","MHK VL",61756,34.50,0.34,0.00
"05/21/2014 01:25:00","MILLWD",61759,36.55,2.39,0.00
"05/21/2014 01:25:00","N.Y.C.",61761,36.72,2.56,0.00
"05/21/2014 01:25:00","NORTH",61755,32.45,-1.71,0.00
"05/21/2014 01:25:00","NPX",61845,35.97,1.81,0.00
"05/21/2014 01:25:00","O H",61846,32.35,-1.81,0.00
"05/21/2014 01:25:00","PJM",61847,35.01,0.85,0.00
"05/21/2014 01:25:00","WEST",61752,32.52,-1.64,0.00
"05/21/2014 01:30:00","CAPITL",61757,34.81,1.34,0.00
"05/21/2014 01:30:00","CENTRL",61754,33.84,0.37,0.00
"05/21/2014 01:30:00","DUNWOD",61760,35.81,2.34,0.00
"05/21/2014 01:30:00","GENESE",61753,33.57,0.10,0.00
"05/21/2014 01:30:00","H Q",61844,32.67,-0.80,0.00
"05/21/2014 01:30:00","HUD VL",61758,35.88,2.41,0.00
"05/21/2014 01:30:00","LONGIL",61762,36.35,2.88,0.00
"05/21/2014 01:30:00","MHK VL",61756,33.80,0.33,0.00
"05/21/2014 01:30:00","MILLWD",61759,35.81,2.34,0.00
"05/21/2014 01:30:00","N.Y.C.",61761,36.05,2.58,0.00
"05/21/2014 01:30:00","NORTH",61755,31.80,-1.67,0.00
"05/21/2014 01:30:00","NPX",61845,35.27,1.81,0.00
"05/21/2014 01:30:00","O H",61846,31.69,-1.77,0.00
"05/21/2014 01:30:00","PJM",61847,34.31,0.84,0.00
"05/21/2014 01:30:00","WEST",61752,31.86,-1.61,0.00
"05/21/2014 01:35:00","CAPITL",61757,30.16,1.16,0.00
"05/21/2014 01:35:00","CENTRL",61754,29.31,0.32,0.00
"05/21/2014 01:35:00","DUNWOD",61760,31.02,2.03,0.00
"05/21/2014 01:35:00","GENESE",61753,29.08,0.09,0.00
"05/21/2014 01:35:00","H Q",61844,28.30,-0.70,0.00
"05/21/2014 01:35:00","HUD VL",61758,31.05,2.06,0.00
"05/21/2014 01:35:00","LONGIL",61762,31.46,2.46,0.00
"05/21/2014 01:35:00","MHK VL",61756,29.28,0.29,0.00
"05/21/2014 01:35:00","MILLWD",61759,31.02,2.03,0.00
"05/21/2014 01:35:00","N.Y.C.",61761,31.20,2.20,0.00
"05/21/2014 01:35:00","NORTH",61755,27.55,-1.45,0.00
"05/21/2014 01:35:00","NPX",61845,30.53,1.54,0.00
"05/21/2014 01:35:00","O H",61846,27.46,-1.54,0.00
"05/21/2014 01:35:00","PJM",61847,29.69,0.69,0.00
"05/21/2014 01:35:00","WEST",61752,27.57,-1.42,0.00
"05/21/2014 01:40:00","CAPITL",61757,29.86,1.15,0.00
"05/21/2014 01:40:00","CENTRL",61754,29.03,0.32,0.00
"05/21/2014 01:40:00","DUNWOD",61760,30.75,2.04,0.00
"05/21/2014 01:40:00","GENESE",61753,28.77,0.06,0.00
"05/21/2014 01:40:00","H Q",61844,28.02,-0.69,0.00
"05/21/2014 01:40:00","HUD VL",61758,30.78,2.07,0.00
"05/21/2014 01:40:00","LONGIL",61762,31.15,2.44,0.00
"05/21/2014 01:40:00","MHK VL",61756,29.00,0.29,0.00
"05/21/2014 01:40:00","MILLWD",61759,30.72,2.01,0.00
"05/21/2014 01:40:00","N.Y.C.",61761,30.92,2.21,0.00
"05/21/2014 01:40:00","NORTH",61755,27.25,-1.46,0.00
"05/21/2014 01:40:00","NPX",61845,30.26,1.55,0.00
"05/21/2014 01:40:00","O H",61846,27.16,-1.55,0.00
"05/21/2014 01:40:00","PJM",61847,29.40,0.69,0.00
"05/21/2014 01:40:00","WEST",61752,27.27,-1.43,0.00
"05/21/2014 01:45:00","CAPITL",61757,29.88,1.15,0.00
"05/21/2014 01:45:00","CENTRL",61754,29.05,0.32,0.00
"05/21/2014 01:45:00","DUNWOD",61760,30.71,1.98,0.00
"05/21/2014 01:45:00","GENESE",61753,28.82,0.09,0.00
"05/21/2014 01:45:00","H Q",61844,28.04,-0.69,0.00
"05/21/2014 01:45:00","HUD VL",61758,30.74,2.01,0.00
"05/21/2014 01:45:00","LONGIL",61762,31.12,2.38,0.00
"05/21/2014 01:45:00","MHK VL",61756,29.02,0.29,0.00
"05/21/2014 01:45:00","MILLWD",61759,30.71,1.98,0.00
"05/21/2014 01:45:00","N.Y.C.",61761,30.92,2.18,0.00
"05/21/2014 01:45:00","NORTH",61755,27.33,-1.41,0.00
"05/21/2014 01:45:00","NPX",61845,30.28,1.55,0.00
"05/21/2014 01:45:00","O H",61846,27.21,-1.52,0.00
"05/21/2014 01:45:00","PJM",61847,29.42,0.69,0.00
"05/21/2014 01:45:00","WEST",61752,27.36,-1.38,0.00
"05/21/2014 01:50:00","CAPITL",61757,29.97,1.15,0.00
"05/21/2014 01:50:00","CENTRL",61754,29.16,0.35,0.00
"05/21/2014 01:50:00","DUNWOD",61760,30.80,1.99,0.00
"05/21/2014 01:50:00","GENESE",61753,28.93,0.12,0.00
"05/21/2014 01:50:00","H Q",61844,28.12,-0.69,0.00
"05/21/2014 01:50:00","HUD VL",61758,30.83,2.02,0.00
"05/21/2014 01:50:00","LONGIL",61762,31.18,2.36,0.00
"05/21/2014 01:50:00","MHK VL",61756,29.10,0.29,0.00
"05/21/2014 01:50:00","MILLWD",61759,30.77,1.96,0.00
"05/21/2014 01:50:00","N.Y.C.",61761,30.92,2.10,0.00
"05/21/2014 01:50:00","NORTH",61755,27.37,-1.44,0.00
"05/21/2014 01:50:00","NPX",61845,30.34,1.53,0.00
"05/21/2014 01:50:00","O H",61846,27.37,-1.44,0.00
"05/21/2014 01:50:00","PJM",61847,29.50,0.69,0.00
"05/21/2014 01:50:00","WEST",61752,27.49,-1.32,0.00
"05/21/2014 01:55:00","CAPITL",61757,29.94,1.15,0.00
"05/21/2014 01:55:00","CENTRL",61754,29.11,0.32,0.00
"05/21/2014 01:55:00","DUNWOD",61760,30.77,1.98,0.00
"05/21/2014 01:55:00","GENESE",61753,28.91,0.12,0.00
"05/21/2014 01:55:00","H Q",61844,28.10,-0.69,0.00
"05/21/2014 01:55:00","HUD VL",61758,30.80,2.01,0.00
"05/21/2014 01:55:00","LONGIL",61762,31.15,2.36,0.00
"05/21/2014 01:55:00","MHK VL",61756,29.08,0.29,0.00
"05/21/2014 01:55:00","MILLWD",61759,30.77,1.98,0.00
"05/21/2014 01:55:00","N.Y.C.",61761,30.92,2.13,0.00
"05/21/2014 01:55:00","NORTH",61755,27.38,-1.41,0.00
"05/21/2014 01:55:00","NPX",61845,30.34,1.55,0.00
"05/21/2014 01:55:00","O H",61846,27.32,-1.47,0.00
"05/21/2014 01:55:00","PJM",61847,29.48,0.69,0.00
"05/21/2014 01:55:00","WEST",61752,27.47,-1.32,0.00
"05/21/2014 02:00:00","CAPITL",61757,34.66,1.33,0.00
"05/21/2014 02:00:00","CENTRL",61754,33.63,0.30,0.00
"05/21/2014 02:00:00","DUNWOD",61760,35.63,2.30,0.00
"05/21/2014 02:00:00","GENESE",61753,33.40,0.07,0.00
"05/21/2014 02:00:00","H Q",61844,32.56,-0.77,0.00
"05/21/2014 02:00:00","HUD VL",61758,35.66,2.33,0.00
"05/21/2014 02:00:00","LONGIL",61762,36.13,2.80,0.00
"05/21/2014 02:00:00","MHK VL",61756,33.66,0.33,0.00
"05/21/2014 02:00:00","MILLWD",61759,35.60,2.27,0.00
"05/21/2014 02:00:00","N.Y.C.",61761,35.80,2.47,0.00
"05/21/2014 02:00:00","NORTH",61755,31.73,-1.60,0.00
"05/21/2014 02:00:00","NPX",61845,35.13,1.80,0.00
"05/21/2014 02:00:00","O H",61846,31.53,-1.80,0.00
"05/21/2014 02:00:00","PJM",61847,34.06,0.73,0.00
"05/21/2014 02:00:00","WEST",61752,31.70,-1.63,0.00
"05/21/2014 02:05:00","CAPITL",61757,34.88,1.37,0.00
"05/21/2014 02:05:00","CENTRL",61754,33.70,0.20,0.00
"05/21/2014 02:05:00","DUNWOD",61760,35.85,2.34,0.00
"05/21/2014 02:05:00","GENESE",61753,33.43,-0.07,0.00
"05/21/2014 02:05:00","H Q",61844,32.76,-0.74,0.00
"05/21/2014 02:05:00","HUD VL",61758,35.85,2.34,0.00
"05/21/2014 02:05:00","LONGIL",61762,36.41,2.91,0.00
"05/21/2014 02:05:00","MHK VL",61756,33.80,0.30,0.00
"05/21/2014 02:05:00","MILLWD",61759,35.81,2.31,0.00
"05/21/2014 02:05:00","N.Y.C.",61761,36.01,2.51,0.00
"05/21/2014 02:05:00","NORTH",61755,31.93,-1.57,0.00
"05/21/2014 02:05:00","NPX",61845,35.34,1.84,0.00
"05/21/2014 02:05:00","O H",61846,31.42,-2.08,0.00
"05/21/2014 02:05:00","PJM",61847,34.14,0.63,0.00
"05/21/2014 02:05:00","WEST",61752,31.59,-1.91,0.00
"05/21/2014 02:10:00","CAPITL",61757,34.88,1.37,0.00
"05/21/2014 02:10:00","CENTRL",61754,33.74,0.24,0.00
"05/21/2014 02:10:00","DUNWOD",61760,35.81,2.31,0.00
"05/21/2014 02:10:00","GENESE",61753,33.47,-0.03,0.00
"05/21/2014 02:10:00","H Q",61844,32.73,-0.77,0.00
"05/21/2014 02:10:00","HUD VL",61758,35.85,2.34,0.00
"05/21/2014 02:10:00","LONGIL",61762,36.45,2.95,0.00
"05/21/2014 02:10:00","MHK VL",61756,33.80,0.30,0.00
"05/21/2014 02:10:00","MILLWD",61759,35.81,2.31,0.00
"05/21/2014 02:10:00","N.Y.C.",61761,36.01,2.51,0.00
"05/21/2014 02:10:00","NORTH",61755,31.89,-1.61,0.00
"05/21/2014 02:10:00","NPX",61845,35.34,1.84,0.00
"05/21/2014 02:10:00","O H",61846,31.52,-1.98,0.00
"05/21/2014 02:10:00","PJM",61847,34.21,0.70,0.00
"05/21/2014 02:10:00","WEST",61752,31.66,-1.84,0.00
"05/21/2014 02:15:00","CAPITL",61757,34.66,1.33,0.00
"05/21/2014 02:15:00","CENTRL",61754,33.63,0.30,0.00
"05/21/2014 02:15:00","DUNWOD",61760,35.63,2.30,0.00
"05/21/2014 02:15:00","GENESE",61753,33.36,0.03,0.00
"05/21/2014 02:15:00","H Q",61844,32.56,-0.77,0.00
"05/21/2014 02:15:00","HUD VL",61758,35.66,2.33,0.00
"05/21/2014 02:15:00","LONGIL",61762,36.23,2.90,0.00
"05/21/2014 02:15:00","MHK VL",61756,33.66,0.33,0.00
"05/21/2014 02:15:00","MILLWD",61759,35.63,2.30,0.00
"05/21/2014 02:15:00","N.Y.C.",61761,35.83,2.50,0.00
"05/21/2014 02:15:00","NORTH",61755,31.66,-1.67,0.00
"05/21/2014 02:15:00","NPX",61845,35.13,1.80,0.00
"05/21/2014 02:15:00","O H",61846,31.53,-1.80,0.00
"05/21/2014 02:15:00","PJM",61847,34.10,0.77,0.00
"05/21/2014 02:15:00","WEST",61752,31.66,-1.67,0.00
"05/21/2014 02:20:00","CAPITL",61757,34.94,1.35,0.00
"05/21/2014 02:20:00","CENTRL",61754,33.96,0.37,0.00
"05/21/2014 02:20:00","DUNWOD",61760,35.88,2.29,0.00
"05/21/2014 02:20:00","GENESE",61753,33.73,0.13,0.00
"05/21/2014 02:20:00","H Q",61844,32.79,-0.81,0.00
"05/21/2014 02:20:00","HUD VL",61758,35.91,2.32,0.00
"05/21/2014 02:20:00","LONGIL",61762,36.45,2.85,0.00
"05/21/2014 02:20:00","MHK VL",61756,33.93,0.34,0.00
"05/21/2014 02:20:00","MILLWD",61759,35.85,2.25,0.00
"05/21/2014 02:20:00","N.Y.C.",61761,36.01,2.42,0.00
"05/21/2014 02:20:00","NORTH",61755,31.88,-1.71,0.00
"05/21/2014 02:20:00","NPX",61845,35.37,1.78,0.00
"05/21/2014 02:20:00","O H",61846,31.92,-1.68,0.00
"05/21/2014 02:20:00","PJM",61847,34.40,0.80,0.00
"05/21/2014 02:20:00","WEST",61752,32.05,-1.54,0.00
"05/21/2014 02:25:00","CAPITL",61757,34.94,1.35,0.00
"05/21/2014 02:25:00","CENTRL",61754,33.93,0.34,0.00
"05/21/2014 02:25:00","DUNWOD",61760,35.88,2.29,0.00
"05/21/2014 02:25:00","GENESE",61753,33.70,0.10,0.00
"05/21/2014 02:25:00","H Q",61844,32.79,-0.81,0.00
"05/21/2014 02:25:00","HUD VL",61758,35.91,2.32,0.00
"05/21/2014 02:25:00","LONGIL",61762,36.48,2.89,0.00
"05/21/2014 02:25:00","MHK VL",61756,33.93,0.34,0.00
"05/21/2014 02:25:00","MILLWD",61759,35.88,2.29,0.00
"05/21/2014 02:25:00","N.Y.C.",61761,36.01,2.42,0.00
"05/21/2014 02:25:00","NORTH",61755,31.92,-1.68,0.00
"05/21/2014 02:25:00","NPX",61845,35.41,1.81,0.00
"05/21/2014 02:25:00","O H",61846,31.85,-1.75,0.00
"05/21/2014 02:25:00","PJM",61847,34.37,0.77,0.00
"05/21/2014 02:25:00","WEST",61752,32.02,-1.58,0.00
"05/21/2014 02:30:00","CAPITL",61757,34.91,1.38,0.00
"05/21/2014 02:30:00","CENTRL",61754,33.77,0.24,0.00
"05/21/2014 02:30:00","DUNWOD",61760,35.85,2.31,0.00
"05/21/2014 02:30:00","GENESE",61753,33.53,0.00,0.00
"05/21/2014 02:30:00","H Q",61844,32.76,-0.77,0.00
"05/21/2014 02:30:00","HUD VL",61758,35.88,2.35,0.00
"05/21/2014 02:30:00","LONGIL",61762,36.45,2.92,0.00
"05/21/2014 02:30:00","MHK VL",61756,33.87,0.34,0.00
"05/21/2014 02:30:00","MILLWD",61759,35.85,2.31,0.00
"05/21/2014 02:30:00","N.Y.C.",61761,36.01,2.48,0.00
"05/21/2014 02:30:00","NORTH",61755,31.86,-1.68,0.00
"05/21/2014 02:30:00","NPX",61845,35.38,1.84,0.00
"05/21/2014 02:30:00","O H",61846,31.62,-1.91,0.00
"05/21/2014 02:30:00","PJM",61847,34.24,0.71,0.00
"05/21/2014 02:30:00","WEST",61752,31.79,-1.75,0.00
"05/21/2014 02:35:00","CAPITL",61757,34.91,1.38,0.00
"05/21/2014 02:35:00","CENTRL",61754,33.77,0.24,0.00
"05/21/2014 02:35:00","DUNWOD",61760,35.85,2.31,0.00
"05/21/2014 02:35:00","GENESE",61753,33.57,0.03,0.00
"05/21/2014 02:35:00","H Q",61844,32.76,-0.77,0.00
"05/21/2014 02:35:00","HUD VL",61758,35.88,2.35,0.00
"05/21/2014 02:35:00","LONGIL",61762,36.42,2.88,0.00
"05/21/2014 02:35:00","MHK VL",61756,33.83,0.30,0.00
"05/21/2014 02:35:00","MILLWD",61759,35.85,2.31,0.00
"05/21/2014 02:35:00","N.Y.C.",61761,36.05,2.52,0.00
"05/21/2014 02:35:00","NORTH",61755,31.89,-1.64,0.00
"05/21/2014 02:35:00","NPX",61845,35.38,1.84,0.00
"05/21/2014 02:35:00","O H",61846,31.69,-1.84,0.00
"05/21/2014 02:35:00","PJM",61847,34.24,0.71,0.00
"05/21/2014 02:35:00","WEST",61752,31.86,-1.68,0.00
"05/21/2014 02:40:00","CAPITL",61757,34.66,1.33,0.00
"05/21/2014 02:40:00","CENTRL",61754,33.59,0.27,0.00
"05/21/2014 02:40:00","DUNWOD",61760,35.63,2.30,0.00
"05/21/2014 02:40:00","GENESE",61753,33.36,0.03,0.00
"05/21/2014 02:40:00","H Q",61844,32.56,-0.77,0.00
"05/21/2014 02:40:00","HUD VL",61758,35.66,2.33,0.00
"05/21/2014 02:40:00","LONGIL",61762,36.16,2.83,0.00
"05/21/2014 02:40:00","MHK VL",61756,33.63,0.30,0.00
"05/21/2014 02:40:00","MILLWD",61759,35.60,2.27,0.00
"05/21/2014 02:40:00","N.Y.C.",61761,35.80,2.47,0.00
"05/21/2014 02:40:00","NORTH",61755,31.70,-1.63,0.00
"05/21/2014 02:40:00","NPX",61845,35.16,1.83,0.00
"05/21/2014 02:40:00","O H",61846,31.50,-1.83,0.00
"05/21/2014 02:40:00","PJM",61847,34.06,0.73,0.00
"05/21/2014 02:40:00","WEST",61752,31.66,-1.67,0.00
"05/21/2014 02:45:00","CAPITL",61757,34.67,1.37,0.00
"05/21/2014 02:45:00","CENTRL",61754,33.63,0.33,0.00
"05/21/2014 02:45:00","DUNWOD",61760,35.60,2.30,0.00
"05/21/2014 02:45:00","GENESE",61753,33.33,0.03,0.00
"05/21/2014 02:45:00","H Q",61844,32.50,-0.80,0.00
"05/21/2014 02:45:00","HUD VL",61758,35.63,2.33,0.00
"05/21/2014 02:45:00","LONGIL",61762,36.13,2.83,0.00
"05/21/2014 02:45:00","MHK VL",61756,33.63,0.33,0.00
"05/21/2014 02:45:00","MILLWD",61759,35.60,2.30,0.00
"05/21/2014 02:45:00","N.Y.C.",61761,35.83,2.53,0.00
"05/21/2014 02:45:00","NORTH",61755,31.60,-1.70,0.00
"05/21/2014 02:45:00","NPX",61845,35.13,1.83,0.00
"05/21/2014 02:45:00","O H",61846,31.47,-1.83,0.00
"05/21/2014 02:45:00","PJM",61847,34.07,0.77,0.00
"05/21/2014 02:45:00","WEST",61752,31.64,-1.66,0.00
"05/21/2014 02:50:00","CAPITL",61757,34.70,1.37,0.00
"05/21/2014 02:50:00","CENTRL",61754,33.63,0.30,0.00
"05/21/2014 02:50:00","DUNWOD",61760,35.63,2.30,0.00
"05/21/2014 02:50:00","GENESE",61753,33.36,0.03,0.00
"05/21/2014 02:50:00","H Q",61844,32.56,-0.77,0.00
"05/21/2014 02:50:00","HUD VL",61758,35.66,2.33,0.00
"05/21/2014 02:50:00","LONGIL",61762,36.13,2.80,0.00
"05/21/2014 02:50:00","MHK VL",61756,33.63,0.30,0.00
"05/21/2014 02:50:00","MILLWD",61759,35.60,2.27,0.00
"05/21/2014 02:50:00","N.Y.C.",61761,35.83,2.50,0.00
"05/21/2014 02:50:00","NORTH",61755,31.70,-1.63,0.00
"05/21/2014 02:50:00","NPX",61845,35.16,1.83,0.00
"05/21/2014 02:50:00","O H",61846,31.50,-1.83,0.00
"05/21/2014 02:50:00","PJM",61847,34.06,0.73,0.00
"05/21/2014 02:50:00","WEST",61752,31.63,-1.70,0.00
"05/21/2014 02:55:00","CAPITL",61757,34.67,1.37,0.00
"05/21/2014 02:55:00","CENTRL",61754,33.57,0.27,0.00
"05/21/2014 02:55:00","DUNWOD",61760,35.60,2.30,0.00
"05/21/2014 02:55:00","GENESE",61753,33.27,-0.03,0.00
"05/21/2014 02:55:00","H Q",61844,32.54,-0.76,0.00
"05/21/2014 02:55:00","HUD VL",61758,35.63,2.33,0.00
"05/21/2014 02:55:00","LONGIL",61762,36.13,2.83,0.00
"05/21/2014 02:55:00","MHK VL",61756,33.60,0.30,0.00
"05/21/2014 02:55:00","MILLWD",61759,35.60,2.30,0.00
"05/21/2014 02:55:00","N.Y.C.",61761,35.83,2.53,0.00
"05/21/2014 02:55:00","NORTH",61755,31.67,-1.63,0.00
"05/21/2014 02:55:00","NPX",61845,35.13,1.83,0.00
"05/21/2014 02:55:00","O H",61846,31.40,-1.90,0.00
"05/21/2014 02:55:00","PJM",61847,34.03,0.73,0.00
"05/21/2014 02:55:00","WEST",61752,31.53,-1.77,0.00
"05/21/2014 03:00:00","CAPITL",61757,34.66,1.33,0.00
"05/21/2014 03:00:00","CENTRL",61754,33.63,0.30,0.00
"05/21/2014 03:00:00","DUNWOD",61760,35.60,2.27,0.00
"05/21/2014 03:00:00","GENESE",61753,33.36,0.03,0.00
"05/21/2014 03:00:00","H Q",61844,32.56,-0.77,0.00
"05/21/2014 03:00:00","HUD VL",61758,35.63,2.30,0.00
"05/21/2014 03:00:00","LONGIL",61762,36.13,2.80,0.00
"05/21/2014 03:00:00","MHK VL",61756,33.66,0.33,0.00
"05/21/2014 03:00:00","MILLWD",61759,35.60,2.27,0.00
"05/21/2014 03:00:00","N.Y.C.",61761,35.80,2.47,0.00
"05/21/2014 03:00:00","NORTH",61755,31.70,-1.63,0.00
"05/21/2014 03:00:00","NPX",61845,35.16,1.83,0.00
"05/21/2014 03:00:00","O H",61846,31.53,-1.80,0.00
"05/21/2014 03:00:00","PJM",61847,34.06,0.73,0.00
"05/21/2014 03:00:00","WEST",61752,31.66,-1.67,0.00
"05/21/2014 03:05:00","CAPITL",61757,34.91,1.41,0.00
"05/21/2014 03:05:00","CENTRL",61754,33.70,0.20,0.00
"05/21/2014 03:05:00","DUNWOD",61760,35.81,2.31,0.00
"05/21/2014 03:05:00","GENESE",61753,33.43,-0.07,0.00
"05/21/2014 03:05:00","H Q",61844,32.73,-0.77,0.00
"05/21/2014 03:05:00","HUD VL",61758,35.85,2.34,0.00
"05/21/2014 03:05:00","LONGIL",61762,36.35,2.85,0.00
"05/21/2014 03:05:00","MHK VL",61756,33.80,0.30,0.00
"05/21/2014 03:05:00","MILLWD",61759,35.78,2.28,0.00
"05/21/2014 03:05:00","N.Y.C.",61761,36.01,2.51,0.00
"05/21/2014 03:05:00","NORTH",61755,31.89,-1.61,0.00
"05/21/2014 03:05:00","NPX",61845,35.38,1.87,0.00
"05/21/2014 03:05:00","O H",61846,31.52,-1.98,0.00
"05/21/2014 03:05:00","PJM",61847,34.17,0.67,0.00
"05/21/2014 03:05:00","WEST",61752,31.69,-1.81,0.00
"05/21/2014 03:10:00","CAPITL",61757,34.91,1.41,0.00
"05/21/2014 03:10:00","CENTRL",61754,33.74,0.24,0.00
"05/21/2014 03:10:00","DUNWOD",61760,35.78,2.28,0.00
"05/21/2014 03:10:00","GENESE",61753,33.43,-0.07,0.00
"05/21/2014 03:10:00","H Q",61844,32.73,-0.77,0.00
"05/21/2014 03:10:00","HUD VL",61758,35.81,2.31,0.00
"05/21/2014 03:10:00","LONGIL",61762,36.28,2.78,0.00
"05/21/2014 03:10:00","MHK VL",61756,33.80,0.30,0.00
"05/21/2014 03:10:00","MILLWD",61759,35.78,2.28,0.00
"05/21/2014 03:10:00","N.Y.C.",61761,36.01,2.51,0.00
"05/21/2014 03:10:00","NORTH",61755,31.89,-1.61,0.00
"05/21/2014 03:10:00","NPX",61845,35.38,1.87,0.00
"05/21/2014 03:10:00","O H",61846,31.52,-1.98,0.00
"05/21/2014 03:10:00","PJM",61847,34.17,0.67,0.00
"05/21/2014 03:10:00","WEST",61752,31.69,-1.81,0.00
"05/21/2014 03:15:00","CAPITL",61757,34.91,1.34,0.00
"05/21/2014 03:15:00","CENTRL",61754,33.93,0.37,0.00
"05/21/2014 03:15:00","DUNWOD",61760,35.85,2.28,0.00
"05/21/2014 03:15:00","GENESE",61753,33.60,0.03,0.00
"05/21/2014 03:15:00","H Q",61844,32.79,-0.77,0.00
"05/21/2014 03:15:00","HUD VL",61758,35.88,2.31,0.00
"05/21/2014 03:15:00","LONGIL",61762,36.38,2.82,0.00
"05/21/2014 03:15:00","MHK VL",61756,33.90,0.34,0.00
"05/21/2014 03:15:00","MILLWD",61759,35.85,2.28,0.00
"05/21/2014 03:15:00","N.Y.C.",61761,36.01,2.45,0.00
"05/21/2014 03:15:00","NORTH",61755,31.88,-1.68,0.00
"05/21/2014 03:15:00","NPX",61845,35.41,1.84,0.00
"05/21/2014 03:15:00","O H",61846,31.75,-1.81,0.00
"05/21/2014 03:15:00","PJM",61847,34.37,0.80,0.00
"05/21/2014 03:15:00","WEST",61752,31.92,-1.64,0.00
"05/21/2014 03:20:00","CAPITL",61757,34.94,1.38,0.00
"05/21/2014 03:20:00","CENTRL",61754,33.90,0.34,0.00
"05/21/2014 03:20:00","DUNWOD",61760,35.85,2.28,0.00
"05/21/2014 03:20:00","GENESE",61753,33.56,0.00,0.00
"05/21/2014 03:20:00","H Q",61844,32.79,-0.77,0.00
"05/21/2014 03:20:00","HUD VL",61758,35.88,2.31,0.00
"05/21/2014 03:20:00","LONGIL",61762,36.38,2.82,0.00
"05/21/2014 03:20:00","MHK VL",61756,33.90,0.34,0.00
"05/21/2014 03:20:00","MILLWD",61759,35.85,2.28,0.00
"05/21/2014 03:20:00","N.Y.C.",61761,36.05,2.48,0.00
"05/21/2014 03:20:00","NORTH",61755,31.88,-1.68,0.00
"05/21/2014 03:20:00","NPX",61845,35.41,1.84,0.00
"05/21/2014 03:20:00","O H",61846,31.68,-1.88,0.00
"05/21/2014 03:20:00","PJM",61847,34.33,0.77,0.00
"05/21/2014 03:20:00","WEST",61752,31.85,-1.71,0.00
"05/21/2014 03:25:00","CAPITL",61757,34.91,1.38,0.00
"05/21/2014 03:25:00","CENTRL",61754,33.83,0.30,0.00
"05/21/2014 03:25:00","DUNWOD",61760,35.81,2.28,0.00
"05/21/2014 03:25:00","GENESE",61753,33.53,0.00,0.00
"05/21/2014 03:25:00","H Q",61844,32.76,-0.77,0.00
"05/21/2014 03:25:00","HUD VL",61758,35.88,2.35,0.00
"05/21/2014 03:25:00","LONGIL",61762,36.35,2.82,0.00
"05/21/2014 03:25:00","MHK VL",61756,33.87,0.34,0.00
"05/21/2014 03:25:00","MILLWD",61759,35.81,2.28,0.00
"05/21/2014 03:25:00","N.Y.C.",61761,36.01,2.48,0.00
"05/21/2014 03:25:00","NORTH",61755,31.86,-1.68,0.00
"05/21/2014 03:25:00","NPX",61845,35.41,1.88,0.00
"05/21/2014 03:25:00","O H",61846,31.66,-1.88,0.00
"05/21/2014 03:25:00","PJM",61847,34.31,0.77,0.00
"05/21/2014 03:25:00","WEST",61752,31.79,-1.75,0.00
"05/21/2014 03:30:00","CAPITL",61757,34.91,1.38,0.00
"05/21/2014 03:30:00","CENTRL",61754,33.83,0.30,0.00
"05/21/2014 03:30:00","DUNWOD",61760,35.81,2.28,0.00
"05/21/2014 03:30:00","GENESE",61753,33.53,0.00,0.00
"05/21/2014 03:30:00","H Q",61844,32.76,-0.77,0.00
"05/21/2014 03:30:00","HUD VL",61758,35.85,2.31,0.00
"05/21/2014 03:30:00","LONGIL",61762,36.35,2.82,0.00
"05/21/2014 03:30:00","MHK VL",61756,33.87,0.34,0.00
"05/21/2014 03:30:00","MILLWD",61759,35.81,2.28,0.00
"05/21/2014 03:30:00","N.Y.C.",61761,36.01,2.48,0.00
"05/21/2014 03:30:00","NORTH",61755,31.86,-1.68,0.00
"05/21/2014 03:30:00","NPX",61845,35.41,1.88,0.00
"05/21/2014 03:30:00","O H",61846,31.66,-1.88,0.00
"05/21/2014 03:30:00","PJM",61847,34.31,0.77,0.00
"05/21/2014 03:30:00","WEST",61752,31.82,-1.71,0.00
"05/21/2014 03:35:00","CAPITL",61757,34.91,1.38,0.00
"05/21/2014 03:35:00","CENTRL",61754,33.83,0.30,0.00
"05/21/2014 03:35:00","DUNWOD",61760,35.85,2.31,0.00
"05/21/2014 03:35:00","GENESE",61753,33.53,0.00,0.00
"05/21/2014 03:35:00","H Q",61844,32.73,-0.81,0.00
"05/21/2014 03:35:00","HUD VL",61758,35.88,2.35,0.00
"05/21/2014 03:35:00","LONGIL",61762,36.38,2.85,0.00
"05/21/2014 03:35:00","MHK VL",61756,33.87,0.34,0.00
"05/21/2014 03:35:00","MILLWD",61759,35.81,2.28,0.00
"05/21/2014 03:35:00","N.Y.C.",61761,36.05,2.52,0.00
"05/21/2014 03:35:00","NORTH",61755,31.86,-1.68,0.00
"05/21/2014 03:35:00","NPX",61845,35.41,1.88,0.00
"05/21/2014 03:35:00","O H",61846,31.66,-1.88,0.00
"05/21/2014 03:35:00","PJM",61847,34.31,0.77,0.00
"05/21/2014 03:35:00","WEST",61752,31.82,-1.71,0.00
"05/21/2014 03:40:00","CAPITL",61757,34.94,1.38,0.00
"05/21/2014 03:40:00","CENTRL",61754,33.90,0.34,0.00
"05/21/2014 03:40:00","DUNWOD",61760,35.85,2.28,0.00
"05/21/2014 03:40:00","GENESE",61753,33.63,0.07,0.00
"05/21/2014 03:40:00","H Q",61844,32.79,-0.77,0.00
"05/21/2014 03:40:00","HUD VL",61758,35.88,2.31,0.00
"05/21/2014 03:40:00","LONGIL",61762,36.38,2.82,0.00
"05/21/2014 03:40:00","MHK VL",61756,33.90,0.34,0.00
"05/21/2014 03:40:00","MILLWD",61759,35.81,2.25,0.00
"05/21/2014 03:40:00","N.Y.C.",61761,36.01,2.45,0.00
"05/21/2014 03:40:00","NORTH",61755,31.88,-1.68,0.00
"05/21/2014 03:40:00","NPX",61845,35.41,1.84,0.00
"05/21/2014 03:40:00","O H",61846,31.78,-1.78,0.00
"05/21/2014 03:40:00","PJM",61847,34.33,0.77,0.00
"05/21/2014 03:40:00","WEST",61752,31.95,-1.61,0.00
"05/21/2014 03:45:00","CAPITL",61757,35.38,1.39,0.00
"05/21/2014 03:45:00","CENTRL",61754,34.33,0.34,0.00
"05/21/2014 03:45:00","DUNWOD",61760,36.26,2.28,0.00
"05/21/2014 03:45:00","GENESE",61753,34.05,0.07,0.00
"05/21/2014 03:45:00","H Q",61844,33.21,-0.78,0.00
"05/21/2014 03:45:00","HUD VL",61758,36.33,2.34,0.00
"05/21/2014 03:45:00","LONGIL",61762,36.84,2.86,0.00
"05/21/2014 03:45:00","MHK VL",61756,34.33,0.34,0.00
"05/21/2014 03:45:00","MILLWD",61759,36.26,2.28,0.00
"05/21/2014 03:45:00","N.Y.C.",61761,36.47,2.48,0.00
"05/21/2014 03:45:00","NORTH",61755,32.29,-1.70,0.00
"05/21/2014 03:45:00","NPX",61845,35.85,1.87,0.00
"05/21/2014 03:45:00","O H",61846,32.15,-1.84,0.00
"05/21/2014 03:45:00","PJM",61847,34.77,0.78,0.00
"05/21/2014 03:45:00","WEST",61752,32.36,-1.63,0.00
"05/21/2014 03:50:00","CAPITL",61757,35.38,1.43,0.00
"05/21/2014 03:50:00","CENTRL",61754,34.29,0.34,0.00
"05/21/2014 03:50:00","DUNWOD",61760,36.26,2.31,0.00
"05/21/2014 03:50:00","GENESE",61753,33.95,0.00,0.00
"05/21/2014 03:50:00","H Q",61844,33.17,-0.78,0.00
"05/21/2014 03:50:00","HUD VL",61758,36.33,2.38,0.00
"05/21/2014 03:50:00","LONGIL",61762,36.84,2.88,0.00
"05/21/2014 03:50:00","MHK VL",61756,34.29,0.34,0.00
"05/21/2014 03:50:00","MILLWD",61759,36.26,2.31,0.00
"05/21/2014 03:50:00","N.Y.C.",61761,36.47,2.51,0.00
"05/21/2014 03:50:00","NORTH",61755,32.26,-1.70,0.00
"05/21/2014 03:50:00","NPX",61845,35.85,1.90,0.00
"05/21/2014 03:50:00","O H",61846,32.05,-1.90,0.00
"05/21/2014 03:50:00","PJM",61847,34.74,0.78,0.00
"05/21/2014 03:50:00","WEST",61752,32.22,-1.73,0.00
"05/21/2014 03:55:00","CAPITL",61757,34.88,1.37,0.00
"05/21/2014 03:55:00","CENTRL",61754,33.80,0.30,0.00
"05/21/2014 03:55:00","DUNWOD",61760,35.85,2.34,0.00
"05/21/2014 03:55:00","GENESE",61753,33.53,0.03,0.00
"05/21/2014 03:55:00","H Q",61844,32.73,-0.77,0.00
"05/21/2014 03:55:00","HUD VL",61758,35.85,2.34,0.00
"05/21/2014 03:55:00","LONGIL",61762,36.38,2.88,0.00
"05/21/2014 03:55:00","MHK VL",61756,33.84,0.33,0.00
"05/21/2014 03:55:00","MILLWD",61759,35.81,2.31,0.00
"05/21/2014 03:55:00","N.Y.C.",61761,36.01,2.51,0.00
"05/21/2014 03:55:00","NORTH",61755,31.83,-1.67,0.00
"05/21/2014 03:55:00","NPX",61845,35.38,1.87,0.00
"05/21/2014 03:55:00","O H",61846,31.66,-1.84,0.00
"05/21/2014 03:55:00","PJM",61847,34.27,0.77,0.00
"05/21/2014 03:55:00","WEST",61752,31.83,-1.67,0.00
"05/21/2014 04:00:00","CAPITL",61757,30.98,1.22,0.00
"05/21/2014 04:00:00","CENTRL",61754,30.02,0.27,0.00
"05/21/2014 04:00:00","DUNWOD",61760,31.87,2.11,0.00
"05/21/2014 04:00:00","GENESE",61753,29.76,0.00,0.00
"05/21/2014 04:00:00","H Q",61844,29.07,-0.68,0.00
"05/21/2014 04:00:00","HUD VL",61758,31.87,2.11,0.00
"05/21/2014 04:00:00","LONGIL",61762,32.34,2.59,0.00
"05/21/2014 04:00:00","MHK VL",61756,30.05,0.30,0.00
"05/21/2014 04:00:00","MILLWD",61759,31.84,2.08,0.00
"05/21/2014 04:00:00","N.Y.C.",61761,32.08,2.32,0.00
"05/21/2014 04:00:00","NORTH",61755,28.30,-1.46,0.00
"05/21/2014 04:00:00","NPX",61845,31.39,1.64,0.00
"05/21/2014 04:00:00","O H",61846,28.09,-1.67,0.00
"05/21/2014 04:00:00","PJM",61847,30.47,0.71,0.00
"05/21/2014 04:00:00","WEST",61752,28.21,-1.55,0.00
"05/21/2014 04:05:00","CAPITL",61757,29.88,1.15,0.00
"05/21/2014 04:05:00","CENTRL",61754,29.05,0.32,0.00
"05/21/2014 04:05:00","DUNWOD",61760,30.77,2.04,0.00
"05/21/2014 04:05:00","GENESE",61753,28.82,0.09,0.00
"05/21/2014 04:05:00","H Q",61844,28.04,-0.69,0.00
"05/21/2014 04:05:00","HUD VL",61758,30.74,2.01,0.00
"05/21/2014 04:05:00","LONGIL",61762,31.23,2.50,0.00
"05/21/2014 04:05:00","MHK VL",61756,29.02,0.29,0.00
"05/21/2014 04:05:00","MILLWD",61759,30.74,2.01,0.00
"05/21/2014 04:05:00","N.Y.C.",61761,30.95,2.21,0.00
"05/21/2014 04:05:00","NORTH",61755,27.30,-1.44,0.00
"05/21/2014 04:05:00","NPX",61845,30.28,1.55,0.00
"05/21/2014 04:05:00","O H",61846,27.24,-1.50,0.00
"05/21/2014 04:05:00","PJM",61847,29.45,0.72,0.00
"05/21/2014 04:05:00","WEST",61752,27.38,-1.35,0.00
"05/21/2014 04:10:00","CAPITL",61757,30.36,1.14,0.00
"05/21/2014 04:10:00","CENTRL",61754,29.63,0.41,0.00
"05/21/2014 04:10:00","DUNWOD",61760,31.23,2.01,0.00
"05/21/2014 04:10:00","GENESE",61753,29.25,0.03,0.00
"05/21/2014 04:10:00","H Q",61844,28.52,-0.70,0.00
"05/21/2014 04:10:00","HUD VL",61758,31.23,2.01,0.00
"05/21/2014 04:10:00","LONGIL",61762,31.70,2.48,0.00
"05/21/2014 04:10:00","MHK VL",61756,29.54,0.32,0.00
"05/21/2014 04:10:00","MILLWD",61759,31.21,1.99,0.00
"05/21/2014 04:10:00","N.Y.C.",61761,31.41,2.19,0.00
"05/21/2014 04:10:00","NORTH",61755,27.76,-1.46,0.00
"05/21/2014 04:10:00","NPX",61845,30.74,1.52,0.00
"05/21/2014 04:10:00","O H",61846,27.49,-1.72,0.00
"05/21/2014 04:10:00","PJM",61847,29.83,0.61,0.00
"05/21/2014 04:10:00","WEST",61752,27.61,-1.61,0.00
"05/21/2014 04:15:00","CAPITL",61757,30.95,1.19,0.00
"05/21/2014 04:15:00","CENTRL",61754,30.08,0.33,0.00
"05/21/2014 04:15:00","DUNWOD",61760,31.81,2.05,0.00
"05/21/2014 04:15:00","GENESE",61753,29.73,-0.03,0.00
"05/21/2014 04:15:00","H Q",61844,29.04,-0.71,0.00
"05/21/2014 04:15:00","HUD VL",61758,31.81,2.05,0.00
"05/21/2014 04:15:00","LONGIL",61762,32.34,2.59,0.00
"05/21/2014 04:15:00","MHK VL",61756,30.08,0.33,0.00
"05/21/2014 04:15:00","MILLWD",61759,31.81,2.05,0.00
"05/21/2014 04:15:00","N.Y.C.",61761,31.99,2.23,0.00
"05/21/2014 04:15:00","NORTH",61755,28.30,-1.46,0.00
"05/21/2014 04:15:00","NPX",61845,31.36,1.61,0.00
"05/21/2014 04:15:00","O H",61846,27.88,-1.87,0.00
"05/21/2014 04:15:00","PJM",61847,30.29,0.54,0.00
"05/21/2014 04:15:00","WEST",61752,28.03,-1.73,0.00
"05/21/2014 04:20:00","CAPITL",61757,34.70,1.37,0.00
"05/21/2014 04:20:00","CENTRL",61754,33.70,0.37,0.00
"05/21/2014 04:20:00","DUNWOD",61760,35.63,2.30,0.00
"05/21/2014 04:20:00","GENESE",61753,33.30,-0.03,0.00
"05/21/2014 04:20:00","H Q",61844,32.56,-0.77,0.00
"05/21/2014 04:20:00","HUD VL",61758,35.63,2.30,0.00
"05/21/2014 04:20:00","LONGIL",61762,36.23,2.90,0.00
"05/21/2014 04:20:00","MHK VL",61756,33.70,0.37,0.00
"05/21/2014 04:20:00","MILLWD",61759,35.60,2.27,0.00
"05/21/2014 04:20:00","N.Y.C.",61761,35.80,2.47,0.00
"05/21/2014 04:20:00","NORTH",61755,31.73,-1.60,0.00
"05/21/2014 04:20:00","NPX",61845,35.13,1.80,0.00
"05/21/2014 04:20:00","O H",61846,31.20,-2.13,0.00
"05/21/2014 04:20:00","PJM",61847,33.89,0.57,0.00
"05/21/2014 04:20:00","WEST",61752,31.36,-1.97,0.00
"05/21/2014 04:25:00","CAPITL",61757,31.69,1.25,0.00
"05/21/2014 04:25:00","CENTRL",61754,30.78,0.34,0.00
"05/21/2014 04:25:00","DUNWOD",61760,32.54,2.10,0.00
"05/21/2014 04:25:00","GENESE",61753,30.41,-0.03,0.00
"05/21/2014 04:25:00","H Q",61844,29.74,-0.70,0.00
"05/21/2014 04:25:00","HUD VL",61758,32.54,2.10,0.00
"05/21/2014 04:25:00","LONGIL",61762,33.06,2.62,0.00
"05/21/2014 04:25:00","MHK VL",61756,30.78,0.34,0.00
"05/21/2014 04:25:00","MILLWD",61759,32.51,2.07,0.00
"05/21/2014 04:25:00","N.Y.C.",61761,32.73,2.28,0.00
"05/21/2014 04:25:00","NORTH",61755,28.98,-1.46,0.00
"05/21/2014 04:25:00","NPX",61845,32.09,1.64,0.00
"05/21/2014 04:25:00","O H",61846,28.53,-1.92,0.00
"05/21/2014 04:25:00","PJM",61847,30.96,0.52,0.00
"05/21/2014 04:25:00","WEST",61752,28.65,-1.80,0.00
"05/21/2014 04:30:00","CAPITL",61757,29.97,1.18,0.00
"05/21/2014 04:30:00","CENTRL",61754,29.05,0.26,0.00
"05/21/2014 04:30:00","DUNWOD",61760,30.77,1.98,0.00
"05/21/2014 04:30:00","GENESE",61753,28.73,-0.06,0.00
"05/21/2014 04:30:00","H Q",61844,28.13,-0.66,0.00
"05/21/2014 04:30:00","HUD VL",61758,30.77,1.98,0.00
"05/21/2014 04:30:00","LONGIL",61762,31.27,2.48,0.00
"05/21/2014 04:30:00","MHK VL",61756,29.08,0.29,0.00
"05/21/2014 04:30:00","MILLWD",61759,30.77,1.98,0.00
"05/21/2014 04:30:00","N.Y.C.",61761,30.95,2.16,0.00
"05/21/2014 04:30:00","NORTH",61755,27.41,-1.38,0.00
"05/21/2014 04:30:00","NPX",61845,30.37,1.58,0.00
"05/21/2014 04:30:00","O H",61846,26.89,-1.90,0.00
"05/21/2014 04:30:00","PJM",61847,29.25,0.46,0.00
"05/21/2014 04:30:00","WEST",61752,27.03,-1.76,0.00
"05/21/2014 04:35:00","CAPITL",61757,30.00,1.18,0.00
"05/21/2014 04:35:00","CENTRL",61754,29.10,0.29,0.00
"05/21/2014 04:35:00","DUNWOD",61760,30.77,1.96,0.00
"05/21/2014 04:35:00","GENESE",61753,28.79,-0.03,0.00
"05/21/2014 04:35:00","H Q",61844,28.15,-0.66,0.00
"05/21/2014 04:35:00","HUD VL",61758,30.77,1.96,0.00
"05/21/2014 04:35:00","LONGIL",61762,31.26,2.45,0.00
"05/21/2014 04:35:00","MHK VL",61756,29.10,0.29,0.00
"05/21/2014 04:35:00","MILLWD",61759,30.74,1.93,0.00
"05/21/2014 04:35:00","N.Y.C.",61761,30.95,2.13,0.00
"05/21/2014 04:35:00","NORTH",61755,27.43,-1.38,0.00
"05/21/2014 04:35:00","NPX",61845,30.37,1.55,0.00
"05/21/2014 04:35:00","O H",61846,26.97,-1.84,0.00
"05/21/2014 04:35:00","PJM",61847,29.25,0.43,0.00
"05/21/2014 04:35:00","WEST",61752,27.11,-1.70,0.00
"05/21/2014 04:40:00","CAPITL",61757,30.24,1.19,0.00
"05/21/2014 04:40:00","CENTRL",61754,29.34,0.29,0.00
"05/21/2014 04:40:00","DUNWOD",61760,31.02,1.98,0.00
"05/21/2014 04:40:00","GENESE",61753,29.02,-0.03,0.00
"05/21/2014 04:40:00","H Q",61844,28.38,-0.67,0.00
"05/21/2014 04:40:00","HUD VL",61758,31.02,1.98,0.00
"05/21/2014 04:40:00","LONGIL",61762,31.52,2.47,0.00
"05/21/2014 04:40:00","MHK VL",61756,29.34,0.29,0.00
"05/21/2014 04:40:00","MILLWD",61759,30.99,1.95,0.00
"05/21/2014 04:40:00","N.Y.C.",61761,31.20,2.15,0.00
"05/21/2014 04:40:00","NORTH",61755,27.65,-1.39,0.00
"05/21/2014 04:40:00","NPX",61845,30.61,1.57,0.00
"05/21/2014 04:40:00","O H",61846,27.19,-1.86,0.00
"05/21/2014 04:40:00","PJM",61847,29.51,0.46,0.00
"05/21/2014 04:40:00","WEST",61752,27.33,-1.71,0.00
"05/21/2014 04:45:00","CAPITL",61757,30.00,1.15,0.00
"05/21/2014 04:45:00","CENTRL",61754,29.19,0.35,0.00
"05/21/2014 04:45:00","DUNWOD",61760,30.77,1.93,0.00
"05/21/2014 04:45:00","GENESE",61753,28.84,0.00,0.00
"05/21/2014 04:45:00","H Q",61844,28.18,-0.66,0.00
"05/21/2014 04:45:00","HUD VL",61758,30.80,1.96,0.00
"05/21/2014 04:45:00","LONGIL",61762,31.29,2.45,0.00
"05/21/2014 04:45:00","MHK VL",61756,29.16,0.32,0.00
"05/21/2014 04:45:00","MILLWD",61759,30.77,1.93,0.00
"05/21/2014 04:45:00","N.Y.C.",61761,30.95,2.10,0.00
"05/21/2014 04:45:00","NORTH",61755,27.46,-1.38,0.00
"05/21/2014 04:45:00","NPX",61845,30.37,1.53,0.00
"05/21/2014 04:45:00","O H",61846,27.08,-1.76,0.00
"05/21/2014 04:45:00","PJM",61847,29.33,0.49,0.00
"05/21/2014 04:45:00","WEST",61752,27.23,-1.61,0.00
"05/21/2014 04:50:00","CAPITL",61757,34.70,1.34,0.00
"05/21/2014 04:50:00","CENTRL",61754,33.73,0.37,0.00
"05/21/2014 04:50:00","DUNWOD",61760,35.60,2.24,0.00
"05/21/2014 04:50:00","GENESE",61753,33.36,0.00,0.00
"05/21/2014 04:50:00","H Q",61844,32.60,-0.77,0.00
"05/21/2014 04:50:00","HUD VL",61758,35.63,2.27,0.00
"05/21/2014 04:50:00","LONGIL",61762,36.20,2.83,0.00
"05/21/2014 04:50:00","MHK VL",61756,33.73,0.37,0.00
"05/21/2014 04:50:00","MILLWD",61759,35.60,2.24,0.00
"05/21/2014 04:50:00","N.Y.C.",61761,35.80,2.43,0.00
"05/21/2014 04:50:00","NORTH",61755,31.76,-1.60,0.00
"05/21/2014 04:50:00","NPX",61845,35.13,1.77,0.00
"05/21/2014 04:50:00","O H",61846,31.29,-2.07,0.00
"05/21/2014 04:50:00","PJM",61847,33.93,0.57,0.00
"05/21/2014 04:50:00","WEST",61752,31.43,-1.94,0.00
"05/21/2014 04:55:00","CAPITL",61757,34.97,1.38,0.00
"05/21/2014 04:55:00","CENTRL",61754,33.96,0.37,0.00
"05/21/2014 04:55:00","DUNWOD",61760,35.85,2.25,0.00
"05/21/2014 04:55:00","GENESE",61753,33.59,0.00,0.00
"05/21/2014 04:55:00","H Q",61844,32.82,-0.77,0.00
"05/21/2014 04:55:00","HUD VL",61758,35.85,2.25,0.00
"05/21/2014 04:55:00","LONGIL",61762,36.48,2.89,0.00
"05/21/2014 04:55:00","MHK VL",61756,33.96,0.37,0.00
"05/21/2014 04:55:00","MILLWD",61759,35.85,2.25,0.00
"05/21/2014 04:55:00","N.Y.C.",61761,36.05,2.45,0.00
"05/21/2014 04:55:00","NORTH",61755,32.02,-1.58,0.00
"05/21/2014 04:55:00","NPX",61845,35.41,1.81,0.00
"05/21/2014 04:55:00","O H",61846,31.44,-2.15,0.00
"05/21/2014 04:55:00","PJM",61847,34.13,0.54,0.00
"05/21/2014 04:55:00","WEST",61752,31.61,-1.98,0.00
"05/21/2014 05:00:00","CAPITL",61757,34.70,1.34,0.00
"05/21/2014 05:00:00","CENTRL",61754,33.76,0.40,0.00
"05/21/2014 05:00:00","DUNWOD",61760,35.60,2.24,0.00
"05/21/2014 05:00:00","GENESE",61753,33.43,0.07,0.00
"05/21/2014 05:00:00","H Q",61844,32.60,-0.77,0.00
"05/21/2014 05:00:00","HUD VL",61758,35.63,2.27,0.00
"05/21/2014 05:00:00","LONGIL",61762,36.30,2.94,0.00
"05/21/2014 05:00:00","MHK VL",61756,33.76,0.40,0.00
"05/21/2014 05:00:00","MILLWD",61759,35.60,2.24,0.00
"05/21/2014 05:00:00","N.Y.C.",61761,35.80,2.43,0.00
"05/21/2014 05:00:00","NORTH",61755,31.79,-1.57,0.00
"05/21/2014 05:00:00","NPX",61845,35.09,1.73,0.00
"05/21/2014 05:00:00","O H",61846,31.36,-2.00,0.00
"05/21/2014 05:00:00","PJM",61847,33.93,0.57,0.00
"05/21/2014 05:00:00","WEST",61752,31.53,-1.83,0.00
"05/21/2014 05:05:00","CAPITL",61757,34.44,1.29,0.00
"05/21/2014 05:05:00","CENTRL",61754,33.51,0.37,0.00
"05/21/2014 05:05:00","DUNWOD",61760,35.43,2.29,0.00
"05/21/2014 05:05:00","GENESE",61753,33.28,0.13,0.00
"05/21/2014 05:05:00","H Q",61844,32.39,-0.76,0.00
"05/21/2014 05:05:00","HUD VL",61758,35.43,2.29,0.00
"05/21/2014 05:05:00","LONGIL",61762,36.16,3.02,0.00
"05/21/2014 05:05:00","MHK VL",61756,33.55,0.40,0.00
"05/21/2014 05:05:00","MILLWD",61759,35.40,2.26,0.00
"05/21/2014 05:05:00","N.Y.C.",61761,35.63,2.49,0.00
"05/21/2014 05:05:00","NORTH",61755,31.59,-1.56,0.00
"05/21/2014 05:05:00","NPX",61845,34.84,1.69,0.00
"05/21/2014 05:05:00","O H",61846,31.19,-1.96,0.00
"05/21/2014 05:05:00","PJM",61847,33.71,0.56,0.00
"05/21/2014 05:05:00","WEST",61752,31.42,-1.73,0.00
"05/21/2014 05:10:00","CAPITL",61757,35.31,1.29,0.00
"05/21/2014 05:10:00","CENTRL",61754,34.50,0.48,0.00
"05/21/2014 05:10:00","DUNWOD",61760,36.26,2.24,0.00
"05/21/2014 05:10:00","GENESE",61753,34.19,0.17,0.00
"05/21/2014 05:10:00","H Q",61844,33.24,-0.78,0.00
"05/21/2014 05:10:00","HUD VL",61758,36.30,2.28,0.00
"05/21/2014 05:10:00","LONGIL",61762,37.08,3.06,0.00
"05/21/2014 05:10:00","MHK VL",61756,34.46,0.44,0.00
"05/21/2014 05:10:00","MILLWD",61759,36.26,2.24,0.00
"05/21/2014 05:10:00","N.Y.C.",61761,36.47,2.45,0.00
"05/21/2014 05:10:00","NORTH",61755,32.42,-1.60,0.00
"05/21/2014 05:10:00","NPX",61845,35.69,1.67,0.00
"05/21/2014 05:10:00","O H",61846,32.12,-1.90,0.00
"05/21/2014 05:10:00","PJM",61847,34.63,0.61,0.00
"05/21/2014 05:10:00","WEST",61752,32.35,-1.67,0.00
"05/21/2014 05:15:00","CAPITL",61757,36.79,1.38,0.00
"05/21/2014 05:15:00","CENTRL",61754,35.84,0.43,0.00
"05/21/2014 05:15:00","DUNWOD",61760,37.71,2.30,0.00
"05/21/2014 05:15:00","GENESE",61753,35.55,0.14,0.00
"05/21/2014 05:15:00","H Q",61844,34.63,-0.78,0.00
"05/21/2014 05:15:00","HUD VL",61758,37.75,2.34,0.00
"05/21/2014 05:15:00","LONGIL",61762,38.60,3.19,0.00
"05/21/2014 05:15:00","MHK VL",61756,35.84,0.43,0.00
"05/21/2014 05:15:00","MILLWD",61759,37.71,2.30,0.00
"05/21/2014 05:15:00","N.Y.C.",61761,37.89,2.48,0.00
"05/21/2014 05:15:00","NORTH",61755,33.82,-1.59,0.00
"05/21/2014 05:15:00","NPX",61845,37.18,1.77,0.00
"05/21/2014 05:15:00","O H",61846,33.29,-2.12,0.00
"05/21/2014 05:15:00","PJM",61847,35.94,0.53,0.00
"05/21/2014 05:15:00","WEST",61752,33.53,-1.88,0.00
"05/21/2014 05:20:00","CAPITL",61757,36.95,1.42,0.00
"05/21/2014 05:20:00","CENTRL",61754,35.96,0.43,0.00
"05/21/2014 05:20:00","DUNWOD",61760,37.84,2.31,0.00
"05/21/2014 05:20:00","GENESE",61753,35.64,0.11,0.00
"05/21/2014 05:20:00","H Q",61844,34.75,-0.78,0.00
"05/21/2014 05:20:00","HUD VL",61758,37.87,2.34,0.00
"05/21/2014 05:20:00","LONGIL",61762,38.73,3.20,0.00
"05/21/2014 05:20:00","MHK VL",61756,35.99,0.46,0.00
"05/21/2014 05:20:00","MILLWD",61759,37.81,2.28,0.00
"05/21/2014 05:20:00","N.Y.C.",61761,37.98,2.45,0.00
"05/21/2014 05:20:00","NORTH",61755,33.93,-1.60,0.00
"05/21/2014 05:20:00","NPX",61845,37.34,1.81,0.00
"05/21/2014 05:20:00","O H",61846,33.36,-2.17,0.00
"05/21/2014 05:20:00","PJM",61847,36.06,0.53,0.00
"05/21/2014 05:20:00","WEST",61752,33.61,-1.92,0.00
"05/21/2014 05:25:00","CAPITL",61757,38.22,1.47,0.00
"05/21/2014 05:25:00","CENTRL",61754,37.22,0.48,0.00
"05/21/2014 05:25:00","DUNWOD",61760,39.06,2.32,0.00
"05/21/2014 05:25:00","GENESE",61753,36.93,0.18,0.00
"05/21/2014 05:25:00","H Q",61844,35.94,-0.81,0.00
"05/21/2014 05:25:00","HUD VL",61758,39.13,2.39,0.00
"05/21/2014 05:25:00","LONGIL",61762,40.01,3.27,0.00
"05/21/2014 05:25:00","MHK VL",61756,37.22,0.48,0.00
"05/21/2014 05:25:00","MILLWD",61759,39.06,2.32,0.00
"05/21/2014 05:25:00","N.Y.C.",61761,39.21,2.46,0.00
"05/21/2014 05:25:00","NORTH",61755,35.13,-1.62,0.00
"05/21/2014 05:25:00","NPX",61845,38.58,1.84,0.00
"05/21/2014 05:25:00","O H",61846,34.61,-2.13,0.00
"05/21/2014 05:25:00","PJM",61847,37.30,0.55,0.00
"05/21/2014 05:25:00","WEST",61752,34.87,-1.87,0.00
"05/21/2014 05:30:00","CAPITL",61757,38.07,1.39,0.00
"05/21/2014 05:30:00","CENTRL",61754,37.19,0.51,0.00
"05/21/2014 05:30:00","DUNWOD",61760,39.06,2.38,0.00
"05/21/2014 05:30:00","GENESE",61753,36.90,0.22,0.00
"05/21/2014 05:30:00","H Q",61844,35.83,-0.84,0.00
"05/21/2014 05:30:00","HUD VL",61758,39.09,2.42,0.00
"05/21/2014 05:30:00","LONGIL",61762,39.98,3.30,0.00
"05/21/2014 05:30:00","MHK VL",61756,37.15,0.48,0.00
"05/21/2014 05:30:00","MILLWD",61759,39.06,2.38,0.00
"05/21/2014 05:30:00","N.Y.C.",61761,39.24,2.57,0.00
"05/21/2014 05:30:00","NORTH",61755,34.99,-1.69,0.00
"05/21/2014 05:30:00","NPX",61845,38.51,1.83,0.00
"05/21/2014 05:30:00","O H",61846,34.55,-2.13,0.00
"05/21/2014 05:30:00","PJM",61847,37.30,0.62,0.00
"05/21/2014 05:30:00","WEST",61752,34.81,-1.87,0.00
"05/21/2014 05:35:00","CAPITL",61757,38.61,1.38,0.00
"05/21/2014 05:35:00","CENTRL",61754,37.83,0.59,0.00
"05/21/2014 05:35:00","DUNWOD",61760,39.58,2.35,0.00
"05/21/2014 05:35:00","GENESE",61753,37.53,0.30,0.00
"05/21/2014 05:35:00","H Q",61844,36.41,-0.82,0.00
"05/21/2014 05:35:00","HUD VL",61758,39.62,2.39,0.00
"05/21/2014 05:35:00","LONGIL",61762,40.51,3.28,0.00
"05/21/2014 05:35:00","MHK VL",61756,37.75,0.52,0.00
"05/21/2014 05:35:00","MILLWD",61759,39.58,2.35,0.00
"05/21/2014 05:35:00","N.Y.C.",61761,39.73,2.49,0.00
"05/21/2014 05:35:00","NORTH",61755,35.56,-1.67,0.00
"05/21/2014 05:35:00","NPX",61845,39.02,1.79,0.00
"05/21/2014 05:35:00","O H",61846,35.22,-2.01,0.00
"05/21/2014 05:35:00","PJM",61847,37.87,0.63,0.00
"05/21/2014 05:35:00","WEST",61752,35.48,-1.75,0.00
"05/21/2014 05:40:00","CAPITL",61757,38.69,1.42,0.00
"05/21/2014 05:40:00","CENTRL",61754,37.83,0.56,0.00
"05/21/2014 05:40:00","DUNWOD",61760,39.62,2.35,0.00
"05/21/2014 05:40:00","GENESE",61753,37.57,0.30,0.00
"05/21/2014 05:40:00","H Q",61844,36.45,-0.82,0.00
"05/21/2014 05:40:00","HUD VL",61758,39.70,2.42,0.00
"05/21/2014 05:40:00","LONGIL",61762,40.63,3.36,0.00
"05/21/2014 05:40:00","MHK VL",61756,37.80,0.52,0.00
"05/21/2014 05:40:00","MILLWD",61759,39.62,2.35,0.00
"05/21/2014 05:40:00","N.Y.C.",61761,39.77,2.50,0.00
"05/21/2014 05:40:00","NORTH",61755,35.60,-1.68,0.00
"05/21/2014 05:40:00","NPX",61845,39.06,1.79,0.00
"05/21/2014 05:40:00","O H",61846,35.19,-2.09,0.00
"05/21/2014 05:40:00","PJM",61847,37.87,0.59,0.00
"05/21/2014 05:40:00","WEST",61752,35.49,-1.79,0.00
"05/21/2014 05:45:00","CAPITL",61757,38.69,1.38,0.00
"05/21/2014 05:45:00","CENTRL",61754,37.87,0.56,0.00
"05/21/2014 05:45:00","DUNWOD",61760,39.63,2.31,0.00
"05/21/2014 05:45:00","GENESE",61753,37.58,0.26,0.00
"05/21/2014 05:45:00","H Q",61844,36.49,-0.82,0.00
"05/21/2014 05:45:00","HUD VL",61758,39.70,2.39,0.00
"05/21/2014 05:45:00","LONGIL",61762,157.18,3.32,-116.55
"05/21/2014 05:45:00","MHK VL",61756,37.84,0.52,0.00
"05/21/2014 05:45:00","MILLWD",61759,39.63,2.31,0.00
"05/21/2014 05:45:00","N.Y.C.",61761,39.78,2.46,0.00
"05/21/2014 05:45:00","NORTH",61755,35.71,-1.60,0.00
"05/21/2014 05:45:00","NPX",61845,39.07,1.75,0.00
"05/21/2014 05:45:00","O H",61846,35.22,-2.09,0.00
"05/21/2014 05:45:00","PJM",61847,37.91,0.60,0.00
"05/21/2014 05:45:00","WEST",61752,35.52,-1.79,0.00
"05/21/2014 05:50:00","CAPITL",61757,38.41,1.33,0.00
"05/21/2014 05:50:00","CENTRL",61754,37.71,0.63,0.00
"05/21/2014 05:50:00","DUNWOD",61760,39.37,2.30,0.00
"05/21/2014 05:50:00","GENESE",61753,37.45,0.37,0.00
"05/21/2014 05:50:00","H Q",61844,36.26,-0.82,0.00
"05/21/2014 05:50:00","HUD VL",61758,39.45,2.37,0.00
"05/21/2014 05:50:00","LONGIL",61762,157.04,3.30,-116.67
"05/21/2014 05:50:00","MHK VL",61756,37.59,0.52,0.00
"05/21/2014 05:50:00","MILLWD",61759,39.37,2.30,0.00
"05/21/2014 05:50:00","N.Y.C.",61761,39.56,2.48,0.00
"05/21/2014 05:50:00","NORTH",61755,35.45,-1.63,0.00
"05/21/2014 05:50:00","NPX",61845,38.82,1.74,0.00
"05/21/2014 05:50:00","O H",61846,35.19,-1.89,0.00
"05/21/2014 05:50:00","PJM",61847,37.74,0.67,0.00
"05/21/2014 05:50:00","WEST",61752,35.48,-1.59,0.00
"05/21/2014 05:55:00","CAPITL",61757,39.85,1.35,0.00
"05/21/2014 05:55:00","CENTRL",61754,39.12,0.61,0.00
"05/21/2014 05:55:00","DUNWOD",61760,40.97,2.47,0.00
"05/21/2014 05:55:00","GENESE",61753,38.77,0.27,0.00
"05/21/2014 05:55:00","H Q",61844,37.65,-0.85,0.00
"05/21/2014 05:55:00","HUD VL",61758,41.00,2.50,0.00
"05/21/2014 05:55:00","LONGIL",61762,157.52,3.50,-115.52
"05/21/2014 05:55:00","MHK VL",61756,39.08,0.58,0.00
"05/21/2014 05:55:00","MILLWD",61759,40.97,2.47,0.00
"05/21/2014 05:55:00","N.Y.C.",61761,41.20,2.69,0.00
"05/21/2014 05:55:00","NORTH",61755,36.85,-1.65,0.00
"05/21/2014 05:55:00","NPX",61845,40.31,1.81,0.00
"05/21/2014 05:55:00","O H",61846,36.27,-2.23,0.00
"05/21/2014 05:55:00","PJM",61847,39.16,0.65,0.00
"05/21/2014 05:55:00","WEST",61752,36.54,-1.96,0.00
"05/21/2014 06:00:00","CAPITL",61757,32.22,1.03,0.00
"05/21/2014 06:00:00","CENTRL",61754,31.72,0.53,0.00
"05/21/2014 06:00:00","DUNWOD",61760,33.16,1.97,0.00
"05/21/2014 06:00:00","GENESE",61753,31.41,0.22,0.00
"05/21/2014 06:00:00","H Q",61844,30.54,-0.66,0.00
"05/21/2014 06:00:00","HUD VL",61758,33.22,2.03,0.00
"05/21/2014 06:00:00","LONGIL",61762,33.75,2.56,0.00
"05/21/2014 06:00:00","MHK VL",61756,31.66,0.47,0.00
"05/21/2014 06:00:00","MILLWD",61759,33.16,1.97,0.00
"05/21/2014 06:00:00","N.Y.C.",61761,33.41,2.22,0.00
"05/21/2014 06:00:00","NORTH",61755,29.91,-1.28,0.00
"05/21/2014 06:00:00","NPX",61845,32.60,1.41,0.00
"05/21/2014 06:00:00","O H",61846,29.38,-1.81,0.00
"05/21/2014 06:00:00","PJM",61847,31.72,0.53,0.00
"05/21/2014 06:00:00","WEST",61752,29.61,-1.59,0.00
"05/21/2014 06:05:00","CAPITL",61757,29.77,0.90,0.00
"05/21/2014 06:05:00","CENTRL",61754,29.36,0.49,0.00
"05/21/2014 06:05:00","DUNWOD",61760,30.75,1.88,0.00
"05/21/2014 06:05:00","GENESE",61753,29.07,0.20,0.00
"05/21/2014 06:05:00","H Q",61844,28.26,-0.61,0.00
"05/21/2014 06:05:00","HUD VL",61758,30.77,1.90,0.00
"05/21/2014 06:05:00","LONGIL",61762,31.18,2.31,0.00
"05/21/2014 06:05:00","MHK VL",61756,29.33,0.46,0.00
"05/21/2014 06:05:00","MILLWD",61759,30.75,1.88,0.00
"05/21/2014 06:05:00","N.Y.C.",61761,30.98,2.11,0.00
"05/21/2014 06:05:00","NORTH",61755,27.71,-1.16,0.00
"05/21/2014 06:05:00","NPX",61845,30.14,1.27,0.00
"05/21/2014 06:05:00","O H",61846,27.19,-1.68,0.00
"05/21/2014 06:05:00","PJM",61847,29.39,0.52,0.00
"05/21/2014 06:05:00","WEST",61752,27.37,-1.50,0.00
"05/21/2014 06:10:00","CAPITL",61757,32.67,0.92,0.00
"05/21/2014 06:10:00","CENTRL",61754,32.41,0.67,0.00
"05/21/2014 06:10:00","DUNWOD",61760,33.75,2.00,0.00
"05/21/2014 06:10:00","GENESE",61753,32.19,0.44,0.00
"05/21/2014 06:10:00","H Q",61844,31.08,-0.67,0.00
"05/21/2014 06:10:00","HUD VL",61758,33.81,2.06,0.00
"05/21/2014 06:10:00","LONGIL",61762,34.32,2.57,0.00
"05/21/2014 06:10:00","MHK VL",61756,32.32,0.57,0.00
"05/21/2014 06:10:00","MILLWD",61759,33.78,2.03,0.00
"05/21/2014 06:10:00","N.Y.C.",61761,33.97,2.22,0.00
"05/21/2014 06:10:00","NORTH",61755,30.41,-1.33,0.00
"05/21/2014 06:10:00","NPX",61845,33.08,1.33,0.00
"05/21/2014 06:10:00","O H",61846,30.25,-1.49,0.00
"05/21/2014 06:10:00","PJM",61847,32.41,0.67,0.00
"05/21/2014 06:10:00","WEST",61752,30.48,-1.27,0.00
"05/21/2014 06:15:00","CAPITL",61757,32.97,1.02,0.00
"05/21/2014 06:15:00","CENTRL",61754,32.53,0.58,0.00
"05/21/2014 06:15:00","DUNWOD",61760,34.06,2.11,0.00
"05/21/2014 06:15:00","GENESE",61753,32.30,0.35,0.00
"05/21/2014 06:15:00","H Q",61844,31.28,-0.67,0.00
"05/21/2014 06:15:00","HUD VL",61758,34.09,2.14,0.00
"05/21/2014 06:15:00","LONGIL",61762,34.70,2.75,0.00
"05/21/2014 06:15:00","MHK VL",61756,32.53,0.58,0.00
"05/21/2014 06:15:00","MILLWD",61759,34.06,2.11,0.00
"05/21/2014 06:15:00","N.Y.C.",61761,34.22,2.27,0.00
"05/21/2014 06:15:00","NORTH",61755,30.61,-1.34,0.00
"05/21/2014 06:15:00","NPX",61845,33.35,1.40,0.00
"05/21/2014 06:15:00","O H",61846,30.19,-1.76,0.00
"05/21/2014 06:15:00","PJM",61847,32.53,0.58,0.00
"05/21/2014 06:15:00","WEST",61752,30.51,-1.44,0.00
"05/21/2014 06:20:00","CAPITL",61757,33.53,1.01,0.00
"05/21/2014 06:20:00","CENTRL",61754,33.08,0.55,0.00
"05/21/2014 06:20:00","DUNWOD",61760,34.74,2.21,0.00
"05/21/2014 06:20:00","GENESE",61753,32.78,0.26,0.00
"05/21/2014 06:20:00","H Q",61844,31.84,-0.68,0.00
"05/21/2014 06:20:00","HUD VL",61758,34.74,2.21,0.00
"05/21/2014 06:20:00","LONGIL",61762,35.19,2.67,0.00
"05/21/2014 06:20:00","MHK VL",61756,33.14,0.62,0.00
"05/21/2014 06:20:00","MILLWD",61759,34.74,2.21,0.00
"05/21/2014 06:20:00","N.Y.C.",61761,34.97,2.44,0.00
"05/21/2014 06:20:00","NORTH",61755,31.19,-1.33,0.00
"05/21/2014 06:20:00","NPX",61845,33.99,1.46,0.00
"05/21/2014 06:20:00","O H",61846,30.51,-2.02,0.00
"05/21/2014 06:20:00","PJM",61847,33.08,0.55,0.00
"05/21/2014 06:20:00","WEST",61752,30.77,-1.76,0.00
"05/21/2014 06:25:00","CAPITL",61757,33.53,0.98,0.00
"05/21/2014 06:25:00","CENTRL",61754,33.17,0.62,0.00
"05/21/2014 06:25:00","DUNWOD",61760,34.67,2.12,0.00
"05/21/2014 06:25:00","GENESE",61753,32.92,0.36,0.00
"05/21/2014 06:25:00","H Q",61844,31.87,-0.69,0.00
"05/21/2014 06:25:00","HUD VL",61758,34.71,2.15,0.00
"05/21/2014 06:25:00","LONGIL",61762,35.19,2.64,0.00
"05/21/2014 06:25:00","MHK VL",61756,33.17,0.62,0.00
"05/21/2014 06:25:00","MILLWD",61759,34.71,2.15,0.00
"05/21/2014 06:25:00","N.Y.C.",61761,34.90,2.35,0.00
"05/21/2014 06:25:00","NORTH",61755,31.25,-1.30,0.00
"05/21/2014 06:25:00","NPX",61845,33.96,1.40,0.00
"05/21/2014 06:25:00","O H",61846,30.70,-1.85,0.00
"05/21/2014 06:25:00","PJM",61847,33.14,0.59,0.00
"05/21/2014 06:25:00","WEST",61752,31.00,-1.56,0.00
"05/21/2014 06:30:00","CAPITL",61757,34.57,0.97,0.00
"05/21/2014 06:30:00","CENTRL",61754,34.27,0.67,0.00
"05/21/2014 06:30:00","DUNWOD",61760,35.81,2.22,0.00
"05/21/2014 06:30:00","GENESE",61753,34.00,0.40,0.00
"05/21/2014 06:30:00","H Q",61844,32.89,-0.71,0.00
"05/21/2014 06:30:00","HUD VL",61758,35.88,2.29,0.00
"05/21/2014 06:30:00","LONGIL",61762,36.42,2.82,0.00
"05/21/2014 06:30:00","MHK VL",61756,34.27,0.67,0.00
"05/21/2014 06:30:00","MILLWD",61759,35.85,2.25,0.00
"05/21/2014 06:30:00","N.Y.C.",61761,36.05,2.45,0.00
"05/21/2014 06:30:00","NORTH",61755,32.22,-1.38,0.00
"05/21/2014 06:30:00","NPX",61845,35.01,1.41,0.00
"05/21/2014 06:30:00","O H",61846,31.75,-1.85,0.00
"05/21/2014 06:30:00","PJM",61847,34.23,0.64,0.00
"05/21/2014 06:30:00","WEST",61752,32.05,-1.54,0.00
"05/21/2014 06:35:00","CAPITL",61757,35.29,1.00,0.00
"05/21/2014 06:35:00","CENTRL",61754,35.02,0.72,0.00
"05/21/2014 06:35:00","DUNWOD",61760,36.56,2.26,0.00
"05/21/2014 06:35:00","GENESE",61753,34.68,0.38,0.00
"05/21/2014 06:35:00","H Q",61844,33.58,-0.72,0.00
"05/21/2014 06:35:00","HUD VL",61758,36.60,2.30,0.00
"05/21/2014 06:35:00","LONGIL",61762,37.21,2.91,0.00
"05/21/2014 06:35:00","MHK VL",61756,34.98,0.69,0.00
"05/21/2014 06:35:00","MILLWD",61759,36.56,2.26,0.00
"05/21/2014 06:35:00","N.Y.C.",61761,36.77,2.47,0.00
"05/21/2014 06:35:00","NORTH",61755,32.89,-1.41,0.00
"05/21/2014 06:35:00","NPX",61845,35.74,1.44,0.00
"05/21/2014 06:35:00","O H",61846,32.31,-1.99,0.00
"05/21/2014 06:35:00","PJM",61847,34.95,0.65,0.00
"05/21/2014 06:35:00","WEST",61752,32.62,-1.68,0.00
"05/21/2014 06:40:00","CAPITL",61757,35.81,1.04,0.00
"05/21/2014 06:40:00","CENTRL",61754,35.50,0.73,0.00
"05/21/2014 06:40:00","DUNWOD",61760,37.14,2.37,0.00
"05/21/2014 06:40:00","GENESE",61753,35.08,0.31,0.00
"05/21/2014 06:40:00","H Q",61844,34.01,-0.77,0.00
"05/21/2014 06:40:00","HUD VL",61758,37.17,2.40,0.00
"05/21/2014 06:40:00","LONGIL",61762,37.79,3.02,0.00
"05/21/2014 06:40:00","MHK VL",61756,35.50,0.73,0.00
"05/21/2014 06:40:00","MILLWD",61759,37.14,2.37,0.00
"05/21/2014 06:40:00","N.Y.C.",61761,37.34,2.57,0.00
"05/21/2014 06:40:00","NORTH",61755,33.31,-1.46,0.00
"05/21/2014 06:40:00","NPX",61845,36.27,1.49,0.00
"05/21/2014 06:40:00","O H",61846,32.54,-2.23,0.00
"05/21/2014 06:40:00","PJM",61847,35.43,0.66,0.00
"05/21/2014 06:40:00","WEST",61752,32.86,-1.91,0.00
"05/21/2014 06:45:00","CAPITL",61757,36.44,1.03,0.00
"05/21/2014 06:45:00","CENTRL",61754,36.22,0.82,0.00
"05/21/2014 06:45:00","DUNWOD",61760,37.78,2.37,0.00
"05/21/2014 06:45:00","GENESE",61753,35.84,0.43,0.00
"05/21/2014 06:45:00","H Q",61844,34.63,-0.78,0.00
"05/21/2014 06:45:00","HUD VL",61758,37.82,2.41,0.00
"05/21/2014 06:45:00","LONGIL",61762,38.45,3.05,0.00
"05/21/2014 06:45:00","MHK VL",61756,36.19,0.78,0.00
"05/21/2014 06:45:00","MILLWD",61759,37.78,2.37,0.00
"05/21/2014 06:45:00","N.Y.C.",61761,37.99,2.58,0.00
"05/21/2014 06:45:00","NORTH",61755,33.92,-1.49,0.00
"05/21/2014 06:45:00","NPX",61845,36.86,1.45,0.00
"05/21/2014 06:45:00","O H",61846,33.35,-2.05,0.00
"05/21/2014 06:45:00","PJM",61847,36.12,0.71,0.00
"05/21/2014 06:45:00","WEST",61752,33.67,-1.73,0.00
"05/21/2014 06:50:00","CAPITL",61757,37.34,1.02,0.00
"05/21/2014 06:50:00","CENTRL",61754,37.23,0.91,0.00
"05/21/2014 06:50:00","DUNWOD",61760,38.69,2.36,0.00
"05/21/2014 06:50:00","GENESE",61753,36.83,0.51,0.00
"05/21/2014 06:50:00","H Q",61844,35.53,-0.80,0.00
"05/21/2014 06:50:00","HUD VL",61758,38.76,2.43,0.00
"05/21/2014 06:50:00","LONGIL",61762,39.41,3.09,0.00
"05/21/2014 06:50:00","MHK VL",61756,37.16,0.84,0.00
"05/21/2014 06:50:00","MILLWD",61759,38.72,2.40,0.00
"05/21/2014 06:50:00","N.Y.C.",61761,38.87,2.54,0.00
"05/21/2014 06:50:00","NORTH",61755,34.76,-1.56,0.00
"05/21/2014 06:50:00","NPX",61845,37.78,1.45,0.00
"05/21/2014 06:50:00","O H",61846,34.36,-1.96,0.00
"05/21/2014 06:50:00","PJM",61847,37.12,0.80,0.00
"05/21/2014 06:50:00","WEST",61752,34.73,-1.60,0.00
"05/21/2014 06:55:00","CAPITL",61757,37.70,1.06,0.00
"05/21/2014 06:55:00","CENTRL",61754,37.48,0.84,0.00
"05/21/2014 06:55:00","DUNWOD",61760,39.09,2.46,0.00
"05/21/2014 06:55:00","GENESE",61753,37.04,0.40,0.00
"05/21/2014 06:55:00","H Q",61844,35.83,-0.81,0.00
"05/21/2014 06:55:00","HUD VL",61758,39.16,2.53,0.00
"05/21/2014 06:55:00","LONGIL",61762,39.94,3.30,0.00
"05/21/2014 06:55:00","MHK VL",61756,37.48,0.84,0.00
"05/21/2014 06:55:00","MILLWD",61759,39.13,2.49,0.00
"05/21/2014 06:55:00","N.Y.C.",61761,39.28,2.64,0.00
"05/21/2014 06:55:00","NORTH",61755,35.10,-1.54,0.00
"05/21/2014 06:55:00","NPX",61845,38.14,1.50,0.00
"05/21/2014 06:55:00","O H",61846,34.37,-2.27,0.00
"05/21/2014 06:55:00","PJM",61847,37.37,0.73,0.00
"05/21/2014 06:55:00","WEST",61752,34.73,-1.91,0.00
"05/21/2014 07:00:00","CAPITL",61757,33.60,1.04,0.00
"05/21/2014 07:00:00","CENTRL",61754,33.60,1.04,0.00
"05/21/2014 07:00:00","DUNWOD",61760,34.84,2.28,0.00
"05/21/2014 07:00:00","GENESE",61753,33.41,0.85,0.00
"05/21/2014 07:00:00","H Q",61844,31.68,-0.88,0.00
"05/21/2014 07:00:00","HUD VL",61758,34.91,2.35,0.00
"05/21/2014 07:00:00","LONGIL",61762,35.17,2.61,0.00
"05/21/2014 07:00:00","MHK VL",61756,33.38,0.81,0.00
"05/21/2014 07:00:00","MILLWD",61759,34.84,2.28,0.00
"05/21/2014 07:00:00","N.Y.C.",61761,35.07,2.51,0.00
"05/21/2014 07:00:00","NORTH",61755,30.94,-1.63,0.00
"05/21/2014 07:00:00","NPX",61845,33.99,1.43,0.00
"05/21/2014 07:00:00","O H",61846,31.33,-1.24,0.00
"05/21/2014 07:00:00","PJM",61847,33.54,0.98,0.00
"05/21/2014 07:00:00","WEST",61752,31.68,-0.88,0.00
"05/21/2014 07:05:00","CAPITL",61757,33.52,1.20,0.00
"05/21/2014 07:05:00","CENTRL",61754,33.59,1.26,0.00
"05/21/2014 07:05:00","DUNWOD",61760,34.78,2.46,0.00
"05/21/2014 07:05:00","GENESE",61753,33.36,1.03,0.00
"05/21/2014 07:05:00","H Q",61844,31.29,-1.04,0.00
"05/21/2014 07:05:00","HUD VL",61758,34.82,2.49,0.00
"05/21/2014 07:05:00","LONGIL",61762,35.20,2.88,0.00
"05/21/2014 07:05:00","MHK VL",61756,33.20,0.87,0.00
"05/21/2014 07:05:00","MILLWD",61759,34.78,2.46,0.00
"05/21/2014 07:05:00","N.Y.C.",61761,35.01,2.68,0.00
"05/21/2014 07:05:00","NORTH",61755,30.42,-1.91,0.00
"05/21/2014 07:05:00","NPX",61845,33.94,1.62,0.00
"05/21/2014 07:05:00","O H",61846,31.39,-0.94,0.00
"05/21/2014 07:05:00","PJM",61847,33.62,1.29,0.00
"05/21/2014 07:05:00","WEST",61752,31.75,-0.58,0.00
"05/21/2014 07:10:00","CAPITL",61757,34.33,1.23,0.00
"05/21/2014 07:10:00","CENTRL",61754,34.26,1.16,0.00
"05/21/2014 07:10:00","DUNWOD",61760,35.75,2.65,0.00
"05/21/2014 07:10:00","GENESE",61753,33.86,0.76,0.00
"05/21/2014 07:10:00","H Q",61844,32.04,-1.06,0.00
"05/21/2014 07:10:00","HUD VL",61758,35.78,2.68,0.00
"05/21/2014 07:10:00","LONGIL",61762,36.31,3.21,0.00
"05/21/2014 07:10:00","MHK VL",61756,34.00,0.89,0.00
"05/21/2014 07:10:00","MILLWD",61759,35.78,2.68,0.00
"05/21/2014 07:10:00","N.Y.C.",61761,36.02,2.91,0.00
"05/21/2014 07:10:00","NORTH",61755,31.15,-1.95,0.00
"05/21/2014 07:10:00","NPX",61845,34.82,1.72,0.00
"05/21/2014 07:10:00","O H",61846,31.61,-1.49,0.00
"05/21/2014 07:10:00","PJM",61847,34.36,1.26,0.00
"05/21/2014 07:10:00","WEST",61752,31.94,-1.16,0.00
"05/21/2014 07:15:00","CAPITL",61757,36.33,1.26,0.00
"05/21/2014 07:15:00","CENTRL",61754,36.26,1.19,0.00
"05/21/2014 07:15:00","DUNWOD",61760,37.91,2.84,0.00
"05/21/2014 07:15:00","GENESE",61753,35.91,0.84,0.00
"05/21/2014 07:15:00","H Q",61844,33.95,-1.12,0.00
"05/21/2014 07:15:00","HUD VL",61758,37.95,2.88,0.00
"05/21/2014 07:15:00","LONGIL",61762,38.58,3.51,0.00
"05/21/2014 07:15:00","MHK VL",61756,35.98,0.91,0.00
"05/21/2014 07:15:00","MILLWD",61759,37.95,2.88,0.00
"05/21/2014 07:15:00","N.Y.C.",61761,38.12,3.05,0.00
"05/21/2014 07:15:00","NORTH",61755,33.07,-2.00,0.00
"05/21/2014 07:15:00","NPX",61845,36.86,1.79,0.00
"05/21/2014 07:15:00","O H",61846,33.42,-1.65,0.00
"05/21/2014 07:15:00","PJM",61847,36.33,1.26,0.00
"05/21/2014 07:15:00","WEST",61752,33.84,-1.23,0.00
"05/21/2014 07:20:00","CAPITL",61757,37.44,1.34,0.00
"05/21/2014 07:20:00","CENTRL",61754,37.15,1.05,0.00
"05/21/2014 07:20:00","DUNWOD",61760,39.06,2.96,0.00
"05/21/2014 07:20:00","GENESE",61753,36.82,0.72,0.00
"05/21/2014 07:20:00","H Q",61844,35.02,-1.08,0.00
"05/21/2014 07:20:00","HUD VL",61758,39.06,2.96,0.00
"05/21/2014 07:20:00","LONGIL",61762,39.82,3.72,0.00
"05/21/2014 07:20:00","MHK VL",61756,37.04,0.94,0.00
"05/21/2014 07:20:00","MILLWD",61759,39.06,2.96,0.00
"05/21/2014 07:20:00","N.Y.C.",61761,39.24,3.14,0.00
"05/21/2014 07:20:00","NORTH",61755,34.15,-1.95,0.00
"05/21/2014 07:20:00","NPX",61845,38.02,1.91,0.00
"05/21/2014 07:20:00","O H",61846,34.12,-1.99,0.00
"05/21/2014 07:20:00","PJM",61847,37.22,1.12,0.00
"05/21/2014 07:20:00","WEST",61752,34.55,-1.55,0.00
"05/21/2014 07:21:05","CAPITL",61757,38.53,1.38,0.00
"05/21/2014 07:21:05","CENTRL",61754,38.27,1.11,0.00
"05/21/2014 07:21:05","DUNWOD",61760,40.13,2.97,0.00
"05/21/2014 07:21:05","GENESE",61753,38.05,0.89,0.00
"05/21/2014 07:21:05","H Q",61844,36.04,-1.11,0.00
"05/21/2014 07:21:05","HUD VL",61758,40.16,3.01,0.00
"05/21/2014 07:21:05","LONGIL",61762,40.87,3.72,0.00
"05/21/2014 07:21:05","MHK VL",61756,38.16,1.00,0.00
"05/21/2014 07:21:05","MILLWD",61759,40.13,2.97,0.00
"05/21/2014 07:21:05","N.Y.C.",61761,40.35,3.20,0.00
"05/21/2014 07:21:05","NORTH",61755,35.15,-2.01,0.00
"05/21/2014 07:21:05","NPX",61845,39.09,1.93,0.00
"05/21/2014 07:21:05","O H",61846,35.34,-1.82,0.00
"05/21/2014 07:21:05","PJM",61847,38.31,1.15,0.00
"05/21/2014 07:21:05","WEST",61752,35.82,-1.34,0.00
"05/21/2014 07:22:53","CAPITL",61757,38.52,1.44,0.00
"05/21/2014 07:22:53","CENTRL",61754,38.07,1.00,0.00
"05/21/2014 07:22:53","DUNWOD",61760,40.00,2.93,0.00
"05/21/2014 07:22:53","GENESE",61753,37.70,0.63,0.00
"05/21/2014 07:22:53","H Q",61844,35.96,-1.11,0.00
"05/21/2014 07:22:53","HUD VL",61758,40.04,2.97,0.00
"05/21/2014 07:22:53","LONGIL",61762,40.63,3.56,0.00
"05/21/2014 07:22:53","MHK VL",61756,38.03,0.96,0.00
"05/21/2014 07:22:53","MILLWD",61759,40.04,2.97,0.00
"05/21/2014 07:22:53","N.Y.C.",61761,40.19,3.11,0.00
"05/21/2014 07:22:53","NORTH",61755,35.07,-2.00,0.00
"05/21/2014 07:22:53","NPX",61845,39.07,2.00,0.00
"05/21/2014 07:22:53","O H",61846,34.77,-2.30,0.00
"05/21/2014 07:22:53","PJM",61847,38.03,0.96,0.00
"05/21/2014 07:22:53","WEST",61752,35.22,-1.85,0.00
"05/21/2014 07:25:00","CAPITL",61757,45.58,1.71,0.00
"05/21/2014 07:25:00","CENTRL",61754,45.01,1.14,0.00
"05/21/2014 07:25:00","DUNWOD",61760,47.39,3.51,0.00
"05/21/2014 07:25:00","GENESE",61753,44.44,0.57,0.00
"05/21/2014 07:25:00","H Q",61844,42.56,-1.32,0.00
"05/21/2014 07:25:00","HUD VL",61758,47.43,3.55,0.00
"05/21/2014 07:25:00","LONGIL",61762,48.13,4.25,0.00
"05/21/2014 07:25:00","MHK VL",61756,45.01,1.14,0.00
"05/21/2014 07:25:00","MILLWD",61759,47.43,3.55,0.00
"05/21/2014 07:25:00","N.Y.C.",61761,47.65,3.77,0.00
"05/21/2014 07:25:00","NORTH",61755,41.55,-2.33,0.00
"05/21/2014 07:25:00","NPX",61845,46.24,2.37,0.00
"05/21/2014 07:25:00","O H",61846,40.85,-3.03,0.00
"05/21/2014 07:25:00","PJM",61847,44.97,1.10,0.00
"05/21/2014 07:25:00","WEST",61752,41.29,-2.59,0.00
"05/21/2014 07:30:00","CAPITL",61757,45.58,1.71,0.00
"05/21/2014 07:30:00","CENTRL",61754,45.01,1.14,0.00
"05/21/2014 07:30:00","DUNWOD",61760,47.39,3.51,0.00
"05/21/2014 07:30:00","GENESE",61753,44.44,0.57,0.00
"05/21/2014 07:30:00","H Q",61844,42.56,-1.32,0.00
"05/21/2014 07:30:00","HUD VL",61758,47.43,3.55,0.00
"05/21/2014 07:30:00","LONGIL",61762,48.13,4.25,0.00
"05/21/2014 07:30:00","MHK VL",61756,45.01,1.14,0.00
"05/21/2014 07:30:00","MILLWD",61759,47.43,3.55,0.00
"05/21/2014 07:30:00","N.Y.C.",61761,47.65,3.77,0.00
"05/21/2014 07:30:00","NORTH",61755,41.55,-2.33,0.00
"05/21/2014 07:30:00","NPX",61845,46.24,2.37,0.00
"05/21/2014 07:30:00","O H",61846,40.85,-3.03,0.00
"05/21/2014 07:30:00","PJM",61847,44.97,1.10,0.00
"05/21/2014 07:30:00","WEST",61752,41.29,-2.59,0.00
"05/21/2014 07:35:00","CAPITL",61757,44.60,1.59,0.00
"05/21/2014 07:35:00","CENTRL",61754,44.30,1.29,0.00
"05/21/2014 07:35:00","DUNWOD",61760,46.37,3.36,0.00
"05/21/2014 07:35:00","GENESE",61753,43.83,0.82,0.00
"05/21/2014 07:35:00","H Q",61844,41.72,-1.29,0.00
"05/21/2014 07:35:00","HUD VL",61758,46.45,3.44,0.00
"05/21/2014 07:35:00","LONGIL",61762,47.14,4.13,0.00
"05/21/2014 07:35:00","MHK VL",61756,44.17,1.16,0.00
"05/21/2014 07:35:00","MILLWD",61759,46.41,3.40,0.00
"05/21/2014 07:35:00","N.Y.C.",61761,46.63,3.61,0.00
"05/21/2014 07:35:00","NORTH",61755,40.73,-2.28,0.00
"05/21/2014 07:35:00","NPX",61845,45.20,2.19,0.00
"05/21/2014 07:35:00","O H",61846,40.52,-2.50,0.00
"05/21/2014 07:35:00","PJM",61847,44.21,1.20,0.00
"05/21/2014 07:35:00","WEST",61752,40.99,-2.02,0.00
"05/21/2014 07:40:00","CAPITL",61757,48.88,1.79,0.00
"05/21/2014 07:40:00","CENTRL",61754,48.31,1.22,0.00
"05/21/2014 07:40:00","DUNWOD",61760,50.81,3.72,0.00
"05/21/2014 07:40:00","GENESE",61753,47.89,0.80,0.00
"05/21/2014 07:40:00","H Q",61844,45.72,-1.37,0.00
"05/21/2014 07:40:00","HUD VL",61758,50.90,3.81,0.00
"05/21/2014 07:40:00","LONGIL",61762,51.70,4.62,0.00
"05/21/2014 07:40:00","MHK VL",61756,48.31,1.22,0.00
"05/21/2014 07:40:00","MILLWD",61759,50.86,3.77,0.00
"05/21/2014 07:40:00","N.Y.C.",61761,51.09,4.00,0.00
"05/21/2014 07:40:00","NORTH",61755,44.64,-2.45,0.00
"05/21/2014 07:40:00","NPX",61845,49.53,2.45,0.00
"05/21/2014 07:40:00","O H",61846,44.07,-3.01,0.00
"05/21/2014 07:40:00","PJM",61847,48.27,1.18,0.00
"05/21/2014 07:40:00","WEST",61752,44.64,-2.45,0.00
"05/21/2014 07:45:00","CAPITL",61757,48.92,1.75,0.00
"05/21/2014 07:45:00","CENTRL",61754,48.49,1.32,0.00
"05/21/2014 07:45:00","DUNWOD",61760,50.81,3.63,0.00
"05/21/2014 07:45:00","GENESE",61753,48.07,0.89,0.00
"05/21/2014 07:45:00","H Q",61844,45.80,-1.37,0.00
"05/21/2014 07:45:00","HUD VL",61758,50.90,3.73,0.00
"05/21/2014 07:45:00","LONGIL",61762,51.70,4.53,0.00
"05/21/2014 07:45:00","MHK VL",61756,48.40,1.22,0.00
"05/21/2014 07:45:00","MILLWD",61759,50.86,3.68,0.00
"05/21/2014 07:45:00","N.Y.C.",61761,51.09,3.91,0.00
"05/21/2014 07:45:00","NORTH",61755,44.77,-2.40,0.00
"05/21/2014 07:45:00","NPX",61845,49.58,2.40,0.00
"05/21/2014 07:45:00","O H",61846,44.29,-2.88,0.00
"05/21/2014 07:45:00","PJM",61847,48.35,1.18,0.00
"05/21/2014 07:45:00","WEST",61752,44.91,-2.26,0.00
"05/21/2014 07:50:00","CAPITL",61757,46.06,1.60,0.00
"05/21/2014 07:50:00","CENTRL",61754,45.75,1.29,0.00
"05/21/2014 07:50:00","DUNWOD",61760,47.88,3.42,0.00
"05/21/2014 07:50:00","GENESE",61753,45.40,0.94,0.00
"05/21/2014 07:50:00","H Q",61844,43.13,-1.33,0.00
"05/21/2014 07:50:00","HUD VL",61758,47.97,3.51,0.00
"05/21/2014 07:50:00","LONGIL",61762,48.73,4.27,0.00
"05/21/2014 07:50:00","MHK VL",61756,45.61,1.15,0.00
"05/21/2014 07:50:00","MILLWD",61759,47.93,3.47,0.00
"05/21/2014 07:50:00","N.Y.C.",61761,48.11,3.65,0.00
"05/21/2014 07:50:00","NORTH",61755,42.15,-2.31,0.00
"05/21/2014 07:50:00","NPX",61845,46.73,2.27,0.00
"05/21/2014 07:50:00","O H",61846,41.97,-2.49,0.00
"05/21/2014 07:50:00","PJM",61847,45.66,1.20,0.00
"05/21/2014 07:50:00","WEST",61752,42.51,-1.96,0.00
"05/21/2014 07:55:00","CAPITL",61757,44.13,1.53,0.00
"05/21/2014 07:55:00","CENTRL",61754,43.96,1.36,0.00
"05/21/2014 07:55:00","DUNWOD",61760,45.88,3.28,0.00
"05/21/2014 07:55:00","GENESE",61753,43.62,1.02,0.00
"05/21/2014 07:55:00","H Q",61844,41.32,-1.28,0.00
"05/21/2014 07:55:00","HUD VL",61758,45.96,3.36,0.00
"05/21/2014 07:55:00","LONGIL",61762,46.73,4.13,0.00
"05/21/2014 07:55:00","MHK VL",61756,43.71,1.11,0.00
"05/21/2014 07:55:00","MILLWD",61759,45.92,3.32,0.00
"05/21/2014 07:55:00","N.Y.C.",61761,46.13,3.53,0.00
"05/21/2014 07:55:00","NORTH",61755,40.34,-2.26,0.00
"05/21/2014 07:55:00","NPX",61845,44.73,2.13,0.00
"05/21/2014 07:55:00","O H",61846,40.43,-2.17,0.00
"05/21/2014 07:55:00","PJM",61847,43.84,1.24,0.00
"05/21/2014 07:55:00","WEST",61752,40.98,-1.62,0.00
"05/21/2014 08:00:00","CAPITL",61757,43.95,1.49,0.00
"05/21/2014 08:00:00","CENTRL",61754,43.86,1.40,0.00
"05/21/2014 08:00:00","DUNWOD",61760,45.73,3.27,0.00
"05/21/2014 08:00:00","GENESE",61753,43.61,1.15,0.00
"05/21/2014 08:00:00","H Q",61844,41.19,-1.27,0.00
"05/21/2014 08:00:00","HUD VL",61758,45.82,3.35,0.00
"05/21/2014 08:00:00","LONGIL",61762,46.50,4.04,0.00
"05/21/2014 08:00:00","MHK VL",61756,43.57,1.10,0.00
"05/21/2014 08:00:00","MILLWD",61759,45.78,3.31,0.00
"05/21/2014 08:00:00","N.Y.C.",61761,45.99,3.52,0.00
"05/21/2014 08:00:00","NORTH",61755,40.17,-2.29,0.00
"05/21/2014 08:00:00","NPX",61845,44.54,2.08,0.00
"05/21/2014 08:00:00","O H",61846,40.47,-2.00,0.00
"05/21/2014 08:00:00","PJM",61847,43.78,1.32,0.00
"05/21/2014 08:00:00","WEST",61752,41.02,-1.44,0.00
"05/21/2014 08:05:00","CAPITL",61757,55.34,1.92,0.00
"05/21/2014 08:05:00","CENTRL",61754,55.18,1.76,0.00
"05/21/2014 08:05:00","DUNWOD",61760,57.64,4.22,0.00
"05/21/2014 08:05:00","GENESE",61753,54.70,1.28,0.00
"05/21/2014 08:05:00","H Q",61844,51.76,-1.66,0.00
"05/21/2014 08:05:00","HUD VL",61758,57.75,4.33,0.00
"05/21/2014 08:05:00","LONGIL",61762,58.71,5.29,0.00
"05/21/2014 08:05:00","MHK VL",61756,54.81,1.39,0.00
"05/21/2014 08:05:00","MILLWD",61759,57.64,4.22,0.00
"05/21/2014 08:05:00","N.Y.C.",61761,57.91,4.49,0.00
"05/21/2014 08:05:00","NORTH",61755,50.53,-2.89,0.00
"05/21/2014 08:05:00","NPX",61845,56.09,2.67,0.00
"05/21/2014 08:05:00","O H",61846,50.64,-2.78,0.00
"05/21/2014 08:05:00","PJM",61847,55.08,1.66,0.00
"05/21/2014 08:05:00","WEST",61752,51.34,-2.08,0.00
"05/21/2014 08:10:00","CAPITL",61757,55.77,1.99,0.00
"05/21/2014 08:10:00","CENTRL",61754,55.61,1.83,0.00
"05/21/2014 08:10:00","DUNWOD",61760,58.13,4.35,0.00
"05/21/2014 08:10:00","GENESE",61753,54.95,1.18,0.00
"05/21/2014 08:10:00","H Q",61844,52.05,-1.72,0.00
"05/21/2014 08:10:00","HUD VL",61758,58.24,4.46,0.00
"05/21/2014 08:10:00","LONGIL",61762,59.20,5.43,0.00
"05/21/2014 08:10:00","MHK VL",61756,55.23,1.45,0.00
"05/21/2014 08:10:00","MILLWD",61759,58.19,4.41,0.00
"05/21/2014 08:10:00","N.Y.C.",61761,58.45,4.68,0.00
"05/21/2014 08:10:00","NORTH",61755,50.65,-3.12,0.00
"05/21/2014 08:10:00","NPX",61845,56.52,2.74,0.00
"05/21/2014 08:10:00","O H",61846,50.81,-2.96,0.01
"05/21/2014 08:10:00","PJM",61847,55.60,1.83,0.00
"05/21/2014 08:10:00","WEST",61752,51.40,-2.36,0.01
"05/21/2014 08:15:00","CAPITL",61757,56.19,2.01,0.00
"05/21/2014 08:15:00","CENTRL",61754,55.75,1.57,0.00
"05/21/2014 08:15:00","DUNWOD",61760,58.57,4.39,0.00
"05/21/2014 08:15:00","GENESE",61753,55.15,0.98,0.00
"05/21/2014 08:15:00","H Q",61844,52.56,-1.62,0.00
"05/21/2014 08:15:00","HUD VL",61758,58.67,4.49,0.00
"05/21/2014 08:15:00","LONGIL",61762,59.65,5.47,0.00
"05/21/2014 08:15:00","MHK VL",61756,55.59,1.41,0.00
"05/21/2014 08:15:00","MILLWD",61759,58.62,4.44,0.00
"05/21/2014 08:15:00","N.Y.C.",61761,58.89,4.71,0.00
"05/21/2014 08:15:00","NORTH",61755,51.36,-2.82,0.00
"05/21/2014 08:15:00","NPX",61845,56.94,2.76,0.00
"05/21/2014 08:15:00","O H",61846,50.70,-3.47,0.01
"05/21/2014 08:15:00","PJM",61847,55.69,1.51,0.00
"05/21/2014 08:15:00","WEST",61752,51.35,-2.82,0.01
"05/21/2014 08:20:00","CAPITL",61757,55.87,1.99,0.00
"05/21/2014 08:20:00","CENTRL",61754,55.39,1.51,0.00
"05/21/2014 08:20:00","DUNWOD",61760,58.30,4.42,0.00
"05/21/2014 08:20:00","GENESE",61753,54.96,1.08,0.00
"05/21/2014 08:20:00","H Q",61844,52.21,-1.67,0.00
"05/21/2014 08:20:00","HUD VL",61758,58.35,4.47,0.00
"05/21/2014 08:20:00","LONGIL",61762,59.43,5.55,0.00
"05/21/2014 08:20:00","MHK VL",61756,55.23,1.35,0.00
"05/21/2014 08:20:00","MILLWD",61759,58.30,4.42,0.00
"05/21/2014 08:20:00","N.Y.C.",61761,58.57,4.69,0.00
"05/21/2014 08:20:00","NORTH",61755,51.02,-2.86,0.00
"05/21/2014 08:20:00","NPX",61845,56.68,2.80,0.00
"05/21/2014 08:20:00","O H",61846,50.59,-3.29,0.00
"05/21/2014 08:20:00","PJM",61847,55.39,1.51,0.00
"05/21/2014 08:20:00","WEST",61752,51.29,-2.59,0.00
"05/21/2014 08:25:00","CAPITL",61757,55.99,2.00,0.00
"05/21/2014 08:25:00","CENTRL",61754,55.45,1.46,0.00
"05/21/2014 08:25:00","DUNWOD",61760,58.42,4.43,0.00
"05/21/2014 08:25:00","GENESE",61753,54.97,0.97,0.00
"05/21/2014 08:25:00","H Q",61844,52.38,-1.62,0.00
"05/21/2014 08:25:00","HUD VL",61758,58.47,4.48,0.00
"05/21/2014 08:25:00","LONGIL",61762,59.56,5.56,0.00
"05/21/2014 08:25:00","MHK VL",61756,55.35,1.35,0.00
"05/21/2014 08:25:00","MILLWD",61759,58.42,4.43,0.00
"05/21/2014 08:25:00","N.Y.C.",61761,58.75,4.75,0.00
"05/21/2014 08:25:00","NORTH",61755,51.24,-2.75,0.00
"05/21/2014 08:25:00","NPX",61845,56.80,2.81,0.00
"05/21/2014 08:25:00","O H",61846,50.60,-3.40,0.00
"05/21/2014 08:25:00","PJM",61847,55.45,1.46,0.00
"05/21/2014 08:25:00","WEST",61752,51.30,-2.70,0.00
"05/21/2014 08:30:00","CAPITL",61757,55.64,1.93,0.00
"05/21/2014 08:30:00","CENTRL",61754,55.26,1.56,0.00
"05/21/2014 08:30:00","DUNWOD",61760,58.05,4.35,0.00
"05/21/2014 08:30:00","GENESE",61753,54.83,1.13,0.00
"05/21/2014 08:30:00","H Q",61844,52.10,-1.61,0.00
"05/21/2014 08:30:00","HUD VL",61758,58.16,4.46,0.00
"05/21/2014 08:30:00","LONGIL",61762,59.19,5.48,0.00
"05/21/2014 08:30:00","MHK VL",61756,55.05,1.34,0.00
"05/21/2014 08:30:00","MILLWD",61759,58.11,4.40,0.00
"05/21/2014 08:30:00","N.Y.C.",61761,58.38,4.67,0.00
"05/21/2014 08:30:00","NORTH",61755,50.91,-2.79,0.00
"05/21/2014 08:30:00","NPX",61845,56.44,2.74,0.00
"05/21/2014 08:30:00","O H",61846,50.59,-3.12,0.00
"05/21/2014 08:30:00","PJM",61847,55.26,1.56,0.00
"05/21/2014 08:30:00","WEST",61752,51.29,-2.42,0.00
"05/21/2014 08:35:00","CAPITL",61757,56.24,2.06,0.00
"05/21/2014 08:35:00","CENTRL",61754,55.59,1.41,0.00
"05/21/2014 08:35:00","DUNWOD",61760,58.73,4.55,0.00
"05/21/2014 08:35:00","GENESE",61753,55.10,0.92,0.00
"05/21/2014 08:35:00","H Q",61844,52.50,-1.68,0.00
"05/21/2014 08:35:00","HUD VL",61758,58.78,4.60,0.00
"05/21/2014 08:35:00","LONGIL",61762,59.87,5.69,0.00
"05/21/2014 08:35:00","MHK VL",61756,55.48,1.30,0.00
"05/21/2014 08:35:00","MILLWD",61759,58.73,4.55,0.00
"05/21/2014 08:35:00","N.Y.C.",61761,59.06,4.88,0.00
"05/21/2014 08:35:00","NORTH",61755,51.31,-2.87,0.00
"05/21/2014 08:35:00","NPX",61845,57.05,2.87,0.00
"05/21/2014 08:35:00","O H",61846,50.59,-3.58,0.01
"05/21/2014 08:35:00","PJM",61847,55.64,1.46,0.00
"05/21/2014 08:35:00","WEST",61752,51.30,-2.87,0.01
"05/21/2014 08:40:00","CAPITL",61757,55.87,1.94,0.00
"05/21/2014 08:40:00","CENTRL",61754,55.50,1.57,0.00
"05/21/2014 08:40:00","DUNWOD",61760,58.36,4.42,0.00
"05/21/2014 08:40:00","GENESE",61753,55.01,1.08,0.00
"05/21/2014 08:40:00","H Q",61844,52.32,-1.62,0.00
"05/21/2014 08:40:00","HUD VL",61758,58.41,4.47,0.00
"05/21/2014 08:40:00","LONGIL",61762,59.49,5.56,0.00
"05/21/2014 08:40:00","MHK VL",61756,55.28,1.35,0.00
"05/21/2014 08:40:00","MILLWD",61759,58.36,4.42,0.00
"05/21/2014 08:40:00","N.Y.C.",61761,58.68,4.75,0.00
"05/21/2014 08:40:00","NORTH",61755,51.13,-2.81,0.00
"05/21/2014 08:40:00","NPX",61845,56.68,2.75,0.00
"05/21/2014 08:40:00","O H",61846,50.64,-3.29,0.00
"05/21/2014 08:40:00","PJM",61847,55.50,1.57,0.00
"05/21/2014 08:40:00","WEST",61752,51.35,-2.59,0.00
"05/21/2014 08:45:00","CAPITL",61757,49.42,1.71,0.00
"05/21/2014 08:45:00","CENTRL",61754,49.13,1.43,0.00
"05/21/2014 08:45:00","DUNWOD",61760,51.62,3.91,0.00
"05/21/2014 08:45:00","GENESE",61753,48.85,1.14,0.00
"05/21/2014 08:45:00","H Q",61844,46.22,-1.48,0.00
"05/21/2014 08:45:00","HUD VL",61758,51.66,3.96,0.00
"05/21/2014 08:45:00","LONGIL",61762,52.66,4.96,0.00
"05/21/2014 08:45:00","MHK VL",61756,48.90,1.19,0.00
"05/21/2014 08:45:00","MILLWD",61759,51.66,3.96,0.00
"05/21/2014 08:45:00","N.Y.C.",61761,51.95,4.24,0.00
"05/21/2014 08:45:00","NORTH",61755,45.17,-2.53,0.00
"05/21/2014 08:45:00","NPX",61845,50.13,2.43,0.00
"05/21/2014 08:45:00","O H",61846,45.17,-2.53,0.00
"05/21/2014 08:45:00","PJM",61847,49.18,1.48,0.00
"05/21/2014 08:45:00","WEST",61752,45.84,-1.86,0.00
"05/21/2014 08:50:00","CAPITL",61757,48.80,1.69,0.00
"05/21/2014 08:50:00","CENTRL",61754,48.43,1.32,0.00
"05/21/2014 08:50:00","DUNWOD",61760,51.11,4.00,0.00
"05/21/2014 08:50:00","GENESE",61753,48.14,1.04,0.00
"05/21/2014 08:50:00","H Q",61844,45.65,-1.46,0.00
"05/21/2014 08:50:00","HUD VL",61758,51.11,4.00,0.00
"05/21/2014 08:50:00","LONGIL",61762,52.10,4.99,0.00
"05/21/2014 08:50:00","MHK VL",61756,48.29,1.18,0.00
"05/21/2014 08:50:00","MILLWD",61759,51.11,4.00,0.00
"05/21/2014 08:50:00","N.Y.C.",61761,51.44,4.33,0.00
"05/21/2014 08:50:00","NORTH",61755,44.61,-2.50,0.00
"05/21/2014 08:50:00","NPX",61845,49.56,2.45,0.00
"05/21/2014 08:50:00","O H",61846,90.01,-2.68,-45.58
"05/21/2014 08:50:00","PJM",61847,48.52,1.41,0.00
"05/21/2014 08:50:00","WEST",61752,45.08,-2.02,0.00
"05/21/2014 08:55:00","CAPITL",61757,55.70,1.93,0.00
"05/21/2014 08:55:00","CENTRL",61754,55.38,1.61,0.00
"05/21/2014 08:55:00","DUNWOD",61760,58.33,4.57,0.00
"05/21/2014 08:55:00","GENESE",61753,54.95,1.18,0.00
"05/21/2014 08:55:00","H Q",61844,52.10,-1.67,0.00
"05/21/2014 08:55:00","HUD VL",61758,58.33,4.57,0.00
"05/21/2014 08:55:00","LONGIL",61762,59.46,5.70,0.00
"05/21/2014 08:55:00","MHK VL",61756,55.11,1.34,0.00
"05/21/2014 08:55:00","MILLWD",61759,58.33,4.57,0.00
"05/21/2014 08:55:00","N.Y.C.",61761,58.71,4.94,0.00
"05/21/2014 08:55:00","NORTH",61755,50.86,-2.90,0.00
"05/21/2014 08:55:00","NPX",61845,56.56,2.79,0.00
"05/21/2014 08:55:00","O H",61846,96.23,-3.12,-45.58
"05/21/2014 08:55:00","PJM",61847,55.43,1.67,0.00
"05/21/2014 08:55:00","WEST",61752,51.35,-2.42,0.00
"05/21/2014 09:00:00","CAPITL",61757,37.31,1.23,0.00
"05/21/2014 09:00:00","CENTRL",61754,37.09,1.01,0.00
"05/21/2014 09:00:00","DUNWOD",61760,39.22,3.14,0.00
"05/21/2014 09:00:00","GENESE",61753,36.80,0.72,0.00
"05/21/2014 09:00:00","H Q",61844,35.00,-1.08,0.00
"05/21/2014 09:00:00","HUD VL",61758,39.18,3.10,0.00
"05/21/2014 09:00:00","LONGIL",61762,39.94,3.86,0.00
"05/21/2014 09:00:00","MHK VL",61756,36.98,0.90,0.00
"05/21/2014 09:00:00","MILLWD",61759,39.18,3.10,0.00
"05/21/2014 09:00:00","N.Y.C.",61761,39.54,3.46,0.00
"05/21/2014 09:00:00","NORTH",61755,34.20,-1.88,0.00
"05/21/2014 09:00:00","NPX",61845,37.92,1.84,0.00
"05/21/2014 09:00:00","O H",61846,79.18,-2.49,-45.58
"05/21/2014 09:00:00","PJM",61847,37.13,1.05,0.00
"05/21/2014 09:00:00","WEST",61752,34.03,-2.06,0.00
"05/21/2014 09:05:00","CAPITL",61757,39.64,1.30,0.00
"05/21/2014 09:05:00","CENTRL",61754,39.25,0.92,0.00
"05/21/2014 09:05:00","DUNWOD",61760,41.67,3.33,0.00
"05/21/2014 09:05:00","GENESE",61753,38.99,0.65,0.00
"05/21/2014 09:05:00","H Q",61844,37.22,-1.11,0.00
"05/21/2014 09:05:00","HUD VL",61758,41.67,3.33,0.00
"05/21/2014 09:05:00","LONGIL",61762,42.48,4.14,0.00
"05/21/2014 09:05:00","MHK VL",61756,39.25,0.92,0.00
"05/21/2014 09:05:00","MILLWD",61759,41.67,3.33,0.00
"05/21/2014 09:05:00","N.Y.C.",61761,42.02,3.68,0.00
"05/21/2014 09:05:00","NORTH",61755,36.42,-1.92,0.00
"05/21/2014 09:05:00","NPX",61845,40.29,1.95,0.00
"05/21/2014 09:05:00","O H",61846,35.46,-2.88,0.00
"05/21/2014 09:05:00","PJM",61847,39.29,0.96,0.00
"05/21/2014 09:05:00","WEST",61752,35.92,-2.41,0.00
"05/21/2014 09:10:00","CAPITL",61757,41.24,1.36,0.00
"05/21/2014 09:10:00","CENTRL",61754,40.96,1.08,0.00
"05/21/2014 09:10:00","DUNWOD",61760,43.39,3.51,0.00
"05/21/2014 09:10:00","GENESE",61753,40.64,0.76,0.00
"05/21/2014 09:10:00","H Q",61844,38.69,-1.20,0.00
"05/21/2014 09:10:00","HUD VL",61758,43.35,3.47,0.00
"05/21/2014 09:10:00","LONGIL",61762,44.27,4.39,0.00
"05/21/2014 09:10:00","MHK VL",61756,40.88,1.00,0.00
"05/21/2014 09:10:00","MILLWD",61759,43.39,3.51,0.00
"05/21/2014 09:10:00","N.Y.C.",61761,43.75,3.87,0.00
"05/21/2014 09:10:00","NORTH",61755,37.73,-2.15,0.00
"05/21/2014 09:10:00","NPX",61845,41.92,2.03,0.00
"05/21/2014 09:10:00","O H",61846,37.08,-2.79,0.01
"05/21/2014 09:10:00","PJM",61847,41.04,1.16,0.00
"05/21/2014 09:10:00","WEST",61752,37.56,-2.31,0.01
"05/21/2014 09:15:00","CAPITL",61757,39.17,1.29,0.00
"05/21/2014 09:15:00","CENTRL",61754,38.94,1.06,0.00
"05/21/2014 09:15:00","DUNWOD",61760,41.25,3.37,0.00
"05/21/2014 09:15:00","GENESE",61753,38.71,0.83,0.00
"05/21/2014 09:15:00","H Q",61844,36.71,-1.17,0.00
"05/21/2014 09:15:00","HUD VL",61758,41.21,3.33,0.00
"05/21/2014 09:15:00","LONGIL",61762,42.12,4.24,0.00
"05/21/2014 09:15:00","MHK VL",61756,38.79,0.91,0.00
"05/21/2014 09:15:00","MILLWD",61759,41.25,3.37,0.00
"05/21/2014 09:15:00","N.Y.C.",61761,41.59,3.71,0.00
"05/21/2014 09:15:00","NORTH",61755,35.80,-2.08,0.00
"05/21/2014 09:15:00","NPX",61845,39.81,1.93,0.00
"05/21/2014 09:15:00","O H",61846,35.42,-2.46,0.00
"05/21/2014 09:15:00","PJM",61847,39.06,1.18,0.00
"05/21/2014 09:15:00","WEST",61752,35.91,-1.97,0.00
"05/21/2014 09:20:00","CAPITL",61757,40.30,1.36,0.00
"05/21/2014 09:20:00","CENTRL",61754,39.99,1.05,0.00
"05/21/2014 09:20:00","DUNWOD",61760,42.41,3.46,0.00
"05/21/2014 09:20:00","GENESE",61753,39.76,0.82,0.00
"05/21/2014 09:20:00","H Q",61844,37.77,-1.17,0.00
"05/21/2014 09:20:00","HUD VL",61758,42.37,3.43,0.00
"05/21/2014 09:20:00","LONGIL",61762,43.19,4.25,0.00
"05/21/2014 09:20:00","MHK VL",61756,39.87,0.93,0.00
"05/21/2014 09:20:00","MILLWD",61759,42.37,3.43,0.00
"05/21/2014 09:20:00","N.Y.C.",61761,42.76,3.82,0.00
"05/21/2014 09:20:00","NORTH",61755,36.84,-2.10,0.00
"05/21/2014 09:20:00","NPX",61845,40.93,1.98,0.00
"05/21/2014 09:20:00","O H",61846,36.33,-2.61,0.00
"05/21/2014 09:20:00","PJM",61847,40.11,1.17,0.00
"05/21/2014 09:20:00","WEST",61752,36.80,-2.14,0.00
"05/21/2014 09:25:00","CAPITL",61757,40.46,1.33,0.00
"05/21/2014 09:25:00","CENTRL",61754,40.19,1.06,0.00
"05/21/2014 09:25:00","DUNWOD",61760,42.61,3.48,0.00
"05/21/2014 09:25:00","GENESE",61753,39.95,0.82,0.00
"05/21/2014 09:25:00","H Q",61844,37.96,-1.17,0.00
"05/21/2014 09:25:00","HUD VL",61758,42.57,3.44,0.00
"05/21/2014 09:25:00","LONGIL",61762,43.36,4.23,0.00
"05/21/2014 09:25:00","MHK VL",61756,40.03,0.90,0.00
"05/21/2014 09:25:00","MILLWD",61759,42.57,3.44,0.00
"05/21/2014 09:25:00","N.Y.C.",61761,42.92,3.79,0.00
"05/21/2014 09:25:00","NORTH",61755,37.05,-2.08,0.00
"05/21/2014 09:25:00","NPX",61845,41.12,1.99,0.00
"05/21/2014 09:25:00","O H",61846,36.51,-2.62,0.00
"05/21/2014 09:25:00","PJM",61847,40.30,1.17,0.00
"05/21/2014 09:25:00","WEST",61752,36.98,-2.15,0.00
"05/21/2014 09:30:00","CAPITL",61757,42.02,1.38,0.00
"05/21/2014 09:30:00","CENTRL",61754,41.85,1.22,0.00
"05/21/2014 09:30:00","DUNWOD",61760,44.17,3.53,0.00
"05/21/2014 09:30:00","GENESE",61753,41.61,0.97,0.00
"05/21/2014 09:30:00","H Q",61844,39.42,-1.22,0.00
"05/21/2014 09:30:00","HUD VL",61758,44.13,3.50,0.00
"05/21/2014 09:30:00","LONGIL",61762,44.78,4.15,0.00
"05/21/2014 09:30:00","MHK VL",61756,41.61,0.97,0.00
"05/21/2014 09:30:00","MILLWD",61759,44.17,3.53,0.00
"05/21/2014 09:30:00","N.Y.C.",61761,44.50,3.86,0.00
"05/21/2014 09:30:00","NORTH",61755,38.44,-2.19,0.00
"05/21/2014 09:30:00","NPX",61845,42.67,2.03,0.00
"05/21/2014 09:30:00","O H",61846,38.12,-2.52,0.00
"05/21/2014 09:30:00","PJM",61847,41.94,1.30,0.00
"05/21/2014 09:30:00","WEST",61752,38.61,-2.03,0.00
"05/21/2014 09:35:00","CAPITL",61757,44.96,1.52,0.00
"05/21/2014 09:35:00","CENTRL",61754,44.70,1.26,0.00
"05/21/2014 09:35:00","DUNWOD",61760,47.27,3.82,0.00
"05/21/2014 09:35:00","GENESE",61753,44.44,1.00,0.00
"05/21/2014 09:35:00","H Q",61844,42.09,-1.35,0.00
"05/21/2014 09:35:00","HUD VL",61758,47.22,3.78,0.00
"05/21/2014 09:35:00","LONGIL",61762,47.88,4.43,0.00
"05/21/2014 09:35:00","MHK VL",61756,44.44,1.00,0.00
"05/21/2014 09:35:00","MILLWD",61759,47.27,3.82,0.00
"05/21/2014 09:35:00","N.Y.C.",61761,47.65,4.21,0.00
"05/21/2014 09:35:00","NORTH",61755,41.10,-2.35,0.00
"05/21/2014 09:35:00","NPX",61845,45.66,2.21,0.00
"05/21/2014 09:35:00","O H",61846,40.57,-2.87,0.01
"05/21/2014 09:35:00","PJM",61847,44.79,1.35,0.00
"05/21/2014 09:35:00","WEST",61752,41.09,-2.35,0.01
"05/21/2014 09:40:00","CAPITL",61757,44.95,1.52,0.00
"05/21/2014 09:40:00","CENTRL",61754,44.65,1.21,0.00
"05/21/2014 09:40:00","DUNWOD",61760,47.25,3.82,0.00
"05/21/2014 09:40:00","GENESE",61753,44.43,1.00,0.00
"05/21/2014 09:40:00","H Q",61844,42.09,-1.35,0.00
"05/21/2014 09:40:00","HUD VL",61758,47.25,3.82,0.00
"05/21/2014 09:40:00","LONGIL",61762,47.91,4.47,0.00
"05/21/2014 09:40:00","MHK VL",61756,44.47,1.04,0.00
"05/21/2014 09:40:00","MILLWD",61759,47.25,3.82,0.00
"05/21/2014 09:40:00","N.Y.C.",61761,47.64,4.21,0.00
"05/21/2014 09:40:00","NORTH",61755,41.04,-2.39,0.00
"05/21/2014 09:40:00","NPX",61845,45.65,2.21,0.00
"05/21/2014 09:40:00","O H",61846,40.56,-2.87,0.00
"05/21/2014 09:40:00","PJM",61847,44.78,1.35,0.00
"05/21/2014 09:40:00","WEST",61752,41.09,-2.35,0.00
"05/21/2014 09:45:00","CAPITL",61757,44.91,1.52,0.00
"05/21/2014 09:45:00","CENTRL",61754,44.74,1.35,0.00
"05/21/2014 09:45:00","DUNWOD",61760,47.21,3.82,0.00
"05/21/2014 09:45:00","GENESE",61753,44.43,1.04,0.00
"05/21/2014 09:45:00","H Q",61844,42.05,-1.35,0.00
"05/21/2014 09:45:00","HUD VL",61758,47.17,3.77,0.00
"05/21/2014 09:45:00","LONGIL",61762,47.86,4.47,0.00
"05/21/2014 09:45:00","MHK VL",61756,44.43,1.04,0.00
"05/21/2014 09:45:00","MILLWD",61759,47.21,3.82,0.00
"05/21/2014 09:45:00","N.Y.C.",61761,47.56,4.17,0.00
"05/21/2014 09:45:00","NORTH",61755,40.96,-2.43,0.00
"05/21/2014 09:45:00","NPX",61845,45.61,2.21,0.00
"05/21/2014 09:45:00","O H",61846,40.61,-2.78,0.01
"05/21/2014 09:45:00","PJM",61847,44.78,1.39,0.00
"05/21/2014 09:45:00","WEST",61752,41.13,-2.26,0.01
"05/21/2014 09:50:00","CAPITL",61757,45.50,1.54,0.00
"05/21/2014 09:50:00","CENTRL",61754,45.19,1.23,0.00
"05/21/2014 09:50:00","DUNWOD",61760,47.83,3.87,0.00
"05/21/2014 09:50:00","GENESE",61753,44.92,0.97,0.00
"05/21/2014 09:50:00","H Q",61844,42.60,-1.36,0.00
"05/21/2014 09:50:00","HUD VL",61758,47.83,3.87,0.00
"05/21/2014 09:50:00","LONGIL",61762,48.49,4.53,0.00
"05/21/2014 09:50:00","MHK VL",61756,45.01,1.05,0.00
"05/21/2014 09:50:00","MILLWD",61759,47.83,3.87,0.00
"05/21/2014 09:50:00","N.Y.C.",61761,48.22,4.26,0.00
"05/21/2014 09:50:00","NORTH",61755,41.54,-2.42,0.00
"05/21/2014 09:50:00","NPX",61845,61.23,2.24,-15.03
"05/21/2014 09:50:00","O H",61846,55.99,-2.99,-15.03
"05/21/2014 09:50:00","PJM",61847,45.27,1.32,0.00
"05/21/2014 09:50:00","WEST",61752,41.49,-2.46,0.01
"05/21/2014 09:55:00","CAPITL",61757,46.35,1.52,0.00
"05/21/2014 09:55:00","CENTRL",61754,46.21,1.39,0.00
"05/21/2014 09:55:00","DUNWOD",61760,48.72,3.90,0.00
"05/21/2014 09:55:00","GENESE",61753,45.90,1.07,0.00
"05/21/2014 09:55:00","H Q",61844,43.43,-1.39,0.00
"05/21/2014 09:55:00","HUD VL",61758,48.72,3.90,0.00
"05/21/2014 09:55:00","LONGIL",61762,49.44,4.62,0.00
"05/21/2014 09:55:00","MHK VL",61756,45.90,1.07,0.00
"05/21/2014 09:55:00","MILLWD",61759,48.72,3.90,0.00
"05/21/2014 09:55:00","N.Y.C.",61761,49.08,4.26,0.00
"05/21/2014 09:55:00","NORTH",61755,42.31,-2.51,0.00
"05/21/2014 09:55:00","NPX",61845,62.10,2.24,-15.03
"05/21/2014 09:55:00","O H",61846,57.03,-2.82,-15.03
"05/21/2014 09:55:00","PJM",61847,46.26,1.43,0.00
"05/21/2014 09:55:00","WEST",61752,42.54,-2.28,0.00
"05/21/2014 10:00:00","CAPITL",61757,44.99,1.65,0.00
"05/21/2014 10:00:00","CENTRL",61754,44.73,1.39,0.00
"05/21/2014 10:00:00","DUNWOD",61760,47.29,3.94,0.00
"05/21/2014 10:00:00","GENESE",61753,44.43,1.08,0.00
"05/21/2014 10:00:00","H Q",61844,41.87,-1.47,0.00
"05/21/2014 10:00:00","HUD VL",61758,47.29,3.94,0.00
"05/21/2014 10:00:00","LONGIL",61762,48.11,4.77,0.00
"05/21/2014 10:00:00","MHK VL",61756,44.43,1.08,0.00
"05/21/2014 10:00:00","MILLWD",61759,47.29,3.94,0.00
"05/21/2014 10:00:00","N.Y.C.",61761,47.64,4.29,0.00
"05/21/2014 10:00:00","NORTH",61755,40.75,-2.60,0.00
"05/21/2014 10:00:00","NPX",61845,60.76,2.38,-15.03
"05/21/2014 10:00:00","O H",61846,55.64,-2.73,-15.03
"05/21/2014 10:00:00","PJM",61847,44.86,1.52,0.00
"05/21/2014 10:00:00","WEST",61752,41.13,-2.21,0.01
"05/21/2014 10:05:00","CAPITL",61757,44.66,1.80,0.00
"05/21/2014 10:05:00","CENTRL",61754,44.23,1.37,0.00
"05/21/2014 10:05:00","DUNWOD",61760,46.88,4.03,0.00
"05/21/2014 10:05:00","GENESE",61753,43.97,1.11,0.00
"05/21/2014 10:05:00","H Q",61844,41.32,-1.54,0.00
"05/21/2014 10:05:00","HUD VL",61758,46.84,3.99,0.00
"05/21/2014 10:05:00","LONGIL",61762,47.83,4.97,0.00
"05/21/2014 10:05:00","MHK VL",61756,43.93,1.07,0.00
"05/21/2014 10:05:00","MILLWD",61759,46.88,4.03,0.00
"05/21/2014 10:05:00","N.Y.C.",61761,47.23,4.37,0.00
"05/21/2014 10:05:00","NORTH",61755,40.24,-2.62,0.00
"05/21/2014 10:05:00","NPX",61845,45.39,2.53,0.00
"05/21/2014 10:05:00","O H",61846,40.16,-2.70,0.00
"05/21/2014 10:05:00","PJM",61847,44.36,1.50,0.00
"05/21/2014 10:05:00","WEST",61752,40.76,-2.10,0.00
"05/21/2014 10:10:00","CAPITL",61757,44.89,1.81,0.00
"05/21/2014 10:10:00","CENTRL",61754,44.42,1.34,0.00
"05/21/2014 10:10:00","DUNWOD",61760,47.18,4.09,0.00
"05/21/2014 10:10:00","GENESE",61753,44.11,1.03,0.00
"05/21/2014 10:10:00","H Q",61844,41.53,-1.55,0.00
"05/21/2014 10:10:00","HUD VL",61758,47.13,4.05,0.00
"05/21/2014 10:10:00","LONGIL",61762,48.16,5.08,0.00
"05/21/2014 10:10:00","MHK VL",61756,44.16,1.08,0.00
"05/21/2014 10:10:00","MILLWD",61759,47.18,4.09,0.00
"05/21/2014 10:10:00","N.Y.C.",61761,47.52,4.44,0.00
"05/21/2014 10:10:00","NORTH",61755,40.45,-2.63,0.00
"05/21/2014 10:10:00","NPX",61845,45.67,2.58,0.00
"05/21/2014 10:10:00","O H",61846,40.20,-2.89,0.00
"05/21/2014 10:10:00","PJM",61847,44.59,1.51,0.00
"05/21/2014 10:10:00","WEST",61752,40.80,-2.28,0.00
"05/21/2014 10:15:00","CAPITL",61757,45.35,1.83,0.00
"05/21/2014 10:15:00","CENTRL",61754,44.79,1.26,0.00
"05/21/2014 10:15:00","DUNWOD",61760,47.66,4.14,0.00
"05/21/2014 10:15:00","GENESE",61753,44.53,1.00,0.00
"05/21/2014 10:15:00","H Q",61844,41.96,-1.57,0.00
"05/21/2014 10:15:00","HUD VL",61758,47.61,4.09,0.00
"05/21/2014 10:15:00","LONGIL",61762,48.57,5.05,0.00
"05/21/2014 10:15:00","MHK VL",61756,44.53,1.00,0.00
"05/21/2014 10:15:00","MILLWD",61759,47.61,4.09,0.00
"05/21/2014 10:15:00","N.Y.C.",61761,47.97,4.44,0.00
"05/21/2014 10:15:00","NORTH",61755,40.87,-2.66,0.00
"05/21/2014 10:15:00","NPX",61845,46.18,2.66,0.00
"05/21/2014 10:15:00","O H",61846,40.56,-2.96,0.00
"05/21/2014 10:15:00","PJM",61847,44.96,1.43,0.00
"05/21/2014 10:15:00","WEST",61752,41.13,-2.39,0.00
"05/21/2014 10:20:00","CAPITL",61757,45.48,1.79,0.00
"05/21/2014 10:20:00","CENTRL",61754,45.11,1.40,-0.03
"05/21/2014 10:20:00","DUNWOD",61760,47.80,4.11,0.00
"05/21/2014 10:20:00","GENESE",61753,44.68,1.05,0.06
"05/21/2014 10:20:00","H Q",61844,42.12,-1.57,0.00
"05/21/2014 10:20:00","HUD VL",61758,47.76,4.06,0.00
"05/21/2014 10:20:00","LONGIL",61762,48.76,5.07,0.00
"05/21/2014 10:20:00","MHK VL",61756,44.74,1.05,0.00
"05/21/2014 10:20:00","MILLWD",61759,47.76,4.06,0.00
"05/21/2014 10:20:00","N.Y.C.",61761,48.10,4.41,0.00
"05/21/2014 10:20:00","NORTH",61755,40.98,-2.71,0.00
"05/21/2014 10:20:00","NPX",61845,46.27,2.58,0.00
"05/21/2014 10:20:00","O H",61846,40.64,-2.89,0.17
"05/21/2014 10:20:00","PJM",61847,45.17,1.53,0.05
"05/21/2014 10:20:00","WEST",61752,41.18,-2.32,0.19
"05/21/2014 10:25:00","CAPITL",61757,49.77,1.92,0.00
"05/21/2014 10:25:00","CENTRL",61754,50.62,1.58,-1.19
"05/21/2014 10:25:00","DUNWOD",61760,52.25,4.40,0.00
"05/21/2014 10:25:00","GENESE",61753,46.51,1.24,2.58
"05/21/2014 10:25:00","H Q",61844,46.17,-1.68,0.00
"05/21/2014 10:25:00","HUD VL",61758,52.20,4.35,0.00
"05/21/2014 10:25:00","LONGIL",61762,53.16,5.31,0.00
"05/21/2014 10:25:00","MHK VL",61756,49.00,1.15,0.00
"05/21/2014 10:25:00","MILLWD",61759,52.20,4.35,0.00
"05/21/2014 10:25:00","N.Y.C.",61761,52.54,4.69,0.00
"05/21/2014 10:25:00","NORTH",61755,44.98,-2.87,0.00
"05/21/2014 10:25:00","NPX",61845,50.62,2.77,0.00
"05/21/2014 10:25:00","O H",61846,37.02,-3.01,7.81
"05/21/2014 10:25:00","PJM",61847,47.32,1.67,2.20
"05/21/2014 10:25:00","WEST",61752,36.57,-2.39,8.89
"05/21/2014 10:30:00","CAPITL",61757,45.99,1.77,0.00
"05/21/2014 10:30:00","CENTRL",61754,46.39,1.41,-0.75
"05/21/2014 10:30:00","DUNWOD",61760,48.29,4.07,0.00
"05/21/2014 10:30:00","GENESE",61753,43.71,1.11,1.62
"05/21/2014 10:30:00","H Q",61844,42.67,-1.55,0.00
"05/21/2014 10:30:00","HUD VL",61758,48.25,4.02,0.00
"05/21/2014 10:30:00","LONGIL",61762,49.13,4.91,0.00
"05/21/2014 10:30:00","MHK VL",61756,45.28,1.06,0.00
"05/21/2014 10:30:00","MILLWD",61759,48.25,4.02,0.00
"05/21/2014 10:30:00","N.Y.C.",61761,48.60,4.38,0.00
"05/21/2014 10:30:00","NORTH",61755,41.57,-2.65,0.00
"05/21/2014 10:30:00","NPX",61845,46.79,2.56,0.00
"05/21/2014 10:30:00","O H",61846,36.44,-2.87,4.91
"05/21/2014 10:30:00","PJM",61847,44.34,1.50,1.38
"05/21/2014 10:30:00","WEST",61752,36.38,-2.25,5.59
"05/21/2014 10:35:00","CAPITL",61757,46.08,1.82,0.00
"05/21/2014 10:35:00","CENTRL",61754,46.44,1.42,-0.76
"05/21/2014 10:35:00","DUNWOD",61760,48.34,4.07,0.00
"05/21/2014 10:35:00","GENESE",61753,43.74,1.11,1.63
"05/21/2014 10:35:00","H Q",61844,42.72,-1.55,0.00
"05/21/2014 10:35:00","HUD VL",61758,48.34,4.07,0.00
"05/21/2014 10:35:00","LONGIL",61762,49.18,4.91,0.00
"05/21/2014 10:35:00","MHK VL",61756,45.33,1.06,0.00
"05/21/2014 10:35:00","MILLWD",61759,48.30,4.03,0.00
"05/21/2014 10:35:00","N.Y.C.",61761,48.65,4.38,0.00
"05/21/2014 10:35:00","NORTH",61755,41.61,-2.65,0.00
"05/21/2014 10:35:00","NPX",61845,46.83,2.57,0.00
"05/21/2014 10:35:00","O H",61846,36.45,-2.88,4.94
"05/21/2014 10:35:00","PJM",61847,44.38,1.51,1.39
"05/21/2014 10:35:00","WEST",61752,36.38,-2.26,5.63
"05/21/2014 10:40:00","CAPITL",61757,48.65,1.92,0.00
"05/21/2014 10:40:00","CENTRL",61754,49.29,1.50,-1.07
"05/21/2014 10:40:00","DUNWOD",61760,50.99,4.25,0.00
"05/21/2014 10:40:00","GENESE",61753,45.64,1.21,2.30
"05/21/2014 10:40:00","H Q",61844,45.10,-1.64,0.00
"05/21/2014 10:40:00","HUD VL",61758,50.99,4.25,0.00
"05/21/2014 10:40:00","LONGIL",61762,51.97,5.23,0.00
"05/21/2014 10:40:00","MHK VL",61756,47.85,1.12,0.00
"05/21/2014 10:40:00","MILLWD",61759,50.99,4.25,0.00
"05/21/2014 10:40:00","N.Y.C.",61761,51.32,4.58,0.00
"05/21/2014 10:40:00","NORTH",61755,43.93,-2.80,0.00
"05/21/2014 10:40:00","NPX",61845,49.44,2.71,0.00
"05/21/2014 10:40:00","O H",61846,36.77,-2.99,6.97
"05/21/2014 10:40:00","PJM",61847,46.36,1.59,1.97
"05/21/2014 10:40:00","WEST",61752,36.46,-2.34,7.93
"05/21/2014 10:45:00","CAPITL",61757,47.80,1.88,0.00
"05/21/2014 10:45:00","CENTRL",61754,48.40,1.51,-0.97
"05/21/2014 10:45:00","DUNWOD",61760,50.09,4.18,0.00
"05/21/2014 10:45:00","GENESE",61753,45.01,1.19,2.10
"05/21/2014 10:45:00","H Q",61844,44.31,-1.61,0.00
"05/21/2014 10:45:00","HUD VL",61758,50.09,4.18,0.00
"05/21/2014 10:45:00","LONGIL",61762,50.92,5.01,0.00
"05/21/2014 10:45:00","MHK VL",61756,47.02,1.10,0.00
"05/21/2014 10:45:00","MILLWD",61759,50.09,4.18,0.00
"05/21/2014 10:45:00","N.Y.C.",61761,50.42,4.50,0.00
"05/21/2014 10:45:00","NORTH",61755,43.16,-2.75,0.00
"05/21/2014 10:45:00","NPX",61845,48.58,2.66,0.00
"05/21/2014 10:45:00","O H",61846,36.71,-2.85,6.36
"05/21/2014 10:45:00","PJM",61847,45.73,1.61,1.79
"05/21/2014 10:45:00","WEST",61752,36.47,-2.20,7.24
"05/21/2014 10:50:00","CAPITL",61757,46.51,1.83,0.00
"05/21/2014 10:50:00","CENTRL",61754,46.71,1.25,-0.78
"05/21/2014 10:50:00","DUNWOD",61760,48.83,4.16,0.00
"05/21/2014 10:50:00","GENESE",61753,44.02,1.03,1.69
"05/21/2014 10:50:00","H Q",61844,43.16,-1.52,0.00
"05/21/2014 10:50:00","HUD VL",61758,48.79,4.11,0.00
"05/21/2014 10:50:00","LONGIL",61762,49.64,4.96,0.00
"05/21/2014 10:50:00","MHK VL",61756,45.71,1.03,0.00
"05/21/2014 10:50:00","MILLWD",61759,48.79,4.11,0.00
"05/21/2014 10:50:00","N.Y.C.",61761,49.15,4.47,0.00
"05/21/2014 10:50:00","NORTH",61755,42.13,-2.54,0.00
"05/21/2014 10:50:00","NPX",61845,47.31,2.64,0.00
"05/21/2014 10:50:00","O H",61846,36.39,-3.17,5.12
"05/21/2014 10:50:00","PJM",61847,44.58,1.34,1.44
"05/21/2014 10:50:00","WEST",61752,36.35,-2.50,5.82
"05/21/2014 10:55:00","CAPITL",61757,47.46,1.87,0.00
"05/21/2014 10:55:00","CENTRL",61754,47.82,1.32,-0.90
"05/21/2014 10:55:00","DUNWOD",61760,49.78,4.19,0.00
"05/21/2014 10:55:00","GENESE",61753,44.73,1.09,1.95
"05/21/2014 10:55:00","H Q",61844,44.04,-1.55,0.00
"05/21/2014 10:55:00","HUD VL",61758,49.78,4.19,0.00
"05/21/2014 10:55:00","LONGIL",61762,50.60,5.01,0.00
"05/21/2014 10:55:00","MHK VL",61756,46.64,1.05,0.00
"05/21/2014 10:55:00","MILLWD",61759,49.74,4.15,0.00
"05/21/2014 10:55:00","N.Y.C.",61761,50.10,4.51,0.00
"05/21/2014 10:55:00","NORTH",61755,42.94,-2.65,0.00
"05/21/2014 10:55:00","NPX",61845,48.23,2.64,0.00
"05/21/2014 10:55:00","O H",61846,36.58,-3.10,5.91
"05/21/2014 10:55:00","PJM",61847,45.34,1.41,1.67
"05/21/2014 10:55:00","WEST",61752,36.40,-2.46,6.73
"05/21/2014 11:00:00","CAPITL",61757,48.60,1.87,0.00
"05/21/2014 11:00:00","CENTRL",61754,50.00,1.54,-1.73
"05/21/2014 11:00:00","DUNWOD",61760,50.99,4.25,0.00
"05/21/2014 11:00:00","GENESE",61753,44.27,1.26,3.73
"05/21/2014 11:00:00","H Q",61844,45.10,-1.64,0.00
"05/21/2014 11:00:00","HUD VL",61758,50.99,4.25,0.00
"05/21/2014 11:00:00","LONGIL",61762,51.78,5.05,0.00
"05/21/2014 11:00:00","MHK VL",61756,47.85,1.12,0.00
"05/21/2014 11:00:00","MILLWD",61759,50.99,4.25,0.00
"05/21/2014 11:00:00","N.Y.C.",61761,51.27,4.53,0.00
"05/21/2014 11:00:00","NORTH",61755,43.98,-2.76,0.00
"05/21/2014 11:00:00","NPX",61845,49.40,2.66,0.00
"05/21/2014 11:00:00","O H",61846,32.54,-2.90,11.30
"05/21/2014 11:00:00","PJM",61847,45.14,1.59,3.18
"05/21/2014 11:00:00","WEST",61752,31.68,-2.20,12.85
"05/21/2014 11:05:00","CAPITL",61757,48.55,1.82,0.00
"05/21/2014 11:05:00","CENTRL",61754,50.06,1.59,-1.74
"05/21/2014 11:05:00","DUNWOD",61760,50.94,4.21,0.00
"05/21/2014 11:05:00","GENESE",61753,44.24,1.26,3.76
"05/21/2014 11:05:00","H Q",61844,45.14,-1.59,0.00
"05/21/2014 11:05:00","HUD VL",61758,50.94,4.21,0.00
"05/21/2014 11:05:00","LONGIL",61762,51.78,5.05,0.00
"05/21/2014 11:05:00","MHK VL",61756,47.85,1.12,0.00
"05/21/2014 11:05:00","MILLWD",61759,50.94,4.21,0.00
"05/21/2014 11:05:00","N.Y.C.",61761,51.22,4.49,0.00
"05/21/2014 11:05:00","NORTH",61755,44.07,-2.66,0.00
"05/21/2014 11:05:00","NPX",61845,49.35,2.62,0.00
"05/21/2014 11:05:00","O H",61846,32.55,-2.80,11.38
"05/21/2014 11:05:00","PJM",61847,45.16,1.63,3.21
"05/21/2014 11:05:00","WEST",61752,31.64,-2.15,12.95
"05/21/2014 11:10:00","CAPITL",61757,48.44,1.82,0.00
"05/21/2014 11:10:00","CENTRL",61754,49.88,1.54,-1.71
"05/21/2014 11:10:00","DUNWOD",61760,50.87,4.24,0.00
"05/21/2014 11:10:00","GENESE",61753,44.18,1.26,3.70
"05/21/2014 11:10:00","H Q",61844,45.04,-1.59,0.00
"05/21/2014 11:10:00","HUD VL",61758,50.87,4.24,0.00
"05/21/2014 11:10:00","LONGIL",61762,51.67,5.04,0.00
"05/21/2014 11:10:00","MHK VL",61756,47.75,1.12,0.00
"05/21/2014 11:10:00","MILLWD",61759,50.83,4.20,0.00
"05/21/2014 11:10:00","N.Y.C.",61761,51.15,4.52,0.00
"05/21/2014 11:10:00","NORTH",61755,43.97,-2.66,0.00
"05/21/2014 11:10:00","NPX",61845,49.24,2.61,0.00
"05/21/2014 11:10:00","O H",61846,32.48,-2.94,11.21
"05/21/2014 11:10:00","PJM",61847,45.05,1.59,3.16
"05/21/2014 11:10:00","WEST",61752,31.63,-2.24,12.76
"05/21/2014 11:15:00","CAPITL",61757,50.34,1.89,0.00
"05/21/2014 11:15:00","CENTRL",61754,51.92,1.55,-1.91
"05/21/2014 11:15:00","DUNWOD",61760,52.86,4.41,0.00
"05/21/2014 11:15:00","GENESE",61753,45.59,1.31,4.18
"05/21/2014 11:15:00","H Q",61844,46.81,-1.65,0.00
"05/21/2014 11:15:00","HUD VL",61758,52.86,4.41,0.00
"05/21/2014 11:15:00","LONGIL",61762,53.69,5.23,0.00
"05/21/2014 11:15:00","MHK VL",61756,49.57,1.12,0.00
"05/21/2014 11:15:00","MILLWD",61759,52.82,4.36,0.00
"05/21/2014 11:15:00","N.Y.C.",61761,53.15,4.70,0.00
"05/21/2014 11:15:00","NORTH",61755,45.74,-2.71,0.00
"05/21/2014 11:15:00","NPX",61845,51.17,2.71,0.00
"05/21/2014 11:15:00","O H",61846,32.79,-3.00,12.66
"05/21/2014 11:15:00","PJM",61847,46.53,1.65,3.57
"05/21/2014 11:15:00","WEST",61752,31.77,-2.28,14.41
"05/21/2014 11:20:00","CAPITL",61757,49.94,1.87,0.00
"05/21/2014 11:20:00","CENTRL",61754,51.41,1.49,-1.85
"05/21/2014 11:20:00","DUNWOD",61760,52.44,4.37,0.00
"05/21/2014 11:20:00","GENESE",61753,45.22,1.20,4.05
"05/21/2014 11:20:00","H Q",61844,46.43,-1.63,0.00
"05/21/2014 11:20:00","HUD VL",61758,52.49,4.42,0.00
"05/21/2014 11:20:00","LONGIL",61762,53.31,5.24,0.00
"05/21/2014 11:20:00","MHK VL",61756,49.22,1.15,0.00
"05/21/2014 11:20:00","MILLWD",61759,52.44,4.37,0.00
"05/21/2014 11:20:00","N.Y.C.",61761,52.78,4.71,0.00
"05/21/2014 11:20:00","NORTH",61755,45.38,-2.69,0.00
"05/21/2014 11:20:00","NPX",61845,50.76,2.69,0.00
"05/21/2014 11:20:00","O H",61846,32.67,-3.12,12.27
"05/21/2014 11:20:00","PJM",61847,46.19,1.58,3.46
"05/21/2014 11:20:00","WEST",61752,31.70,-2.40,13.97
"05/21/2014 11:25:00","CAPITL",61757,47.45,1.83,0.00
"05/21/2014 11:25:00","CENTRL",61754,48.55,1.37,-1.56
"05/21/2014 11:25:00","DUNWOD",61760,49.82,4.19,0.00
"05/21/2014 11:25:00","GENESE",61753,43.32,1.09,3.40
"05/21/2014 11:25:00","H Q",61844,44.07,-1.55,0.00
"05/21/2014 11:25:00","HUD VL",61758,49.82,4.19,0.00
"05/21/2014 11:25:00","LONGIL",61762,50.69,5.06,0.00
"05/21/2014 11:25:00","MHK VL",61756,46.67,1.05,0.00
"05/21/2014 11:25:00","MILLWD",61759,49.82,4.19,0.00
"05/21/2014 11:25:00","N.Y.C.",61761,50.14,4.52,0.00
"05/21/2014 11:25:00","NORTH",61755,43.07,-2.55,0.00
"05/21/2014 11:25:00","NPX",61845,48.22,2.60,0.00
"05/21/2014 11:25:00","O H",61846,32.27,-3.06,10.30
"05/21/2014 11:25:00","PJM",61847,44.18,1.46,2.90
"05/21/2014 11:25:00","WEST",61752,31.52,-2.37,11.73
"05/21/2014 11:30:00","CAPITL",61757,45.89,1.77,0.00
"05/21/2014 11:30:00","CENTRL",61754,46.72,1.23,-1.36
"05/21/2014 11:30:00","DUNWOD",61760,48.27,4.15,0.00
"05/21/2014 11:30:00","GENESE",61753,42.17,1.02,2.97
"05/21/2014 11:30:00","H Q",61844,42.67,-1.45,0.00
"05/21/2014 11:30:00","HUD VL",61758,48.23,4.10,0.00
"05/21/2014 11:30:00","LONGIL",61762,49.20,5.07,0.00
"05/21/2014 11:30:00","MHK VL",61756,45.14,1.02,0.00
"05/21/2014 11:30:00","MILLWD",61759,48.23,4.10,0.00
"05/21/2014 11:30:00","N.Y.C.",61761,48.58,4.45,0.00
"05/21/2014 11:30:00","NORTH",61755,41.70,-2.43,0.00
"05/21/2014 11:30:00","NPX",61845,46.64,2.51,0.00
"05/21/2014 11:30:00","O H",61846,32.03,-3.09,9.00
"05/21/2014 11:30:00","PJM",61847,43.00,1.41,2.54
"05/21/2014 11:30:00","WEST",61752,31.45,-2.43,10.25
"05/21/2014 11:35:00","CAPITL",61757,47.15,1.82,0.00
"05/21/2014 11:35:00","CENTRL",61754,48.21,1.36,-1.52
"05/21/2014 11:35:00","DUNWOD",61760,49.64,4.31,0.00
"05/21/2014 11:35:00","GENESE",61753,43.10,1.09,3.32
"05/21/2014 11:35:00","H Q",61844,43.79,-1.54,0.00
"05/21/2014 11:35:00","HUD VL",61758,49.64,4.31,0.00
"05/21/2014 11:35:00","LONGIL",61762,50.63,5.30,0.00
"05/21/2014 11:35:00","MHK VL",61756,46.33,1.00,0.00
"05/21/2014 11:35:00","MILLWD",61759,49.59,4.26,0.00
"05/21/2014 11:35:00","N.Y.C.",61761,49.96,4.63,0.00
"05/21/2014 11:35:00","NORTH",61755,42.70,-2.63,0.00
"05/21/2014 11:35:00","NPX",61845,47.96,2.63,0.00
"05/21/2014 11:35:00","O H",61846,32.23,-3.04,10.07
"05/21/2014 11:35:00","PJM",61847,44.04,1.54,2.84
"05/21/2014 11:35:00","WEST",61752,31.51,-2.36,11.47
"05/21/2014 11:40:00","CAPITL",61757,46.43,1.79,0.00
"05/21/2014 11:40:00","CENTRL",61754,47.48,1.39,-1.45
"05/21/2014 11:40:00","DUNWOD",61760,48.83,4.19,0.00
"05/21/2014 11:40:00","GENESE",61753,42.59,1.12,3.17
"05/21/2014 11:40:00","H Q",61844,43.12,-1.52,0.00
"05/21/2014 11:40:00","HUD VL",61758,48.83,4.19,0.00
"05/21/2014 11:40:00","LONGIL",61762,49.81,5.18,0.00
"05/21/2014 11:40:00","MHK VL",61756,45.67,1.03,0.00
"05/21/2014 11:40:00","MILLWD",61759,48.79,4.15,0.00
"05/21/2014 11:40:00","N.Y.C.",61761,49.15,4.51,0.00
"05/21/2014 11:40:00","NORTH",61755,42.10,-2.54,0.00
"05/21/2014 11:40:00","NPX",61845,47.18,2.54,0.00
"05/21/2014 11:40:00","O H",61846,32.18,-2.86,9.60
"05/21/2014 11:40:00","PJM",61847,43.49,1.56,2.71
"05/21/2014 11:40:00","WEST",61752,31.52,-2.19,10.93
"05/21/2014 11:45:00","CAPITL",61757,46.39,1.79,0.00
"05/21/2014 11:45:00","CENTRL",61754,47.42,1.38,-1.43
"05/21/2014 11:45:00","DUNWOD",61760,48.79,4.19,0.00
"05/21/2014 11:45:00","GENESE",61753,42.54,1.07,3.13
"05/21/2014 11:45:00","H Q",61844,43.08,-1.52,0.00
"05/21/2014 11:45:00","HUD VL",61758,48.79,4.19,0.00
"05/21/2014 11:45:00","LONGIL",61762,49.77,5.17,0.00
"05/21/2014 11:45:00","MHK VL",61756,45.63,1.03,0.00
"05/21/2014 11:45:00","MILLWD",61759,48.75,4.15,0.00
"05/21/2014 11:45:00","N.Y.C.",61761,49.10,4.50,0.00
"05/21/2014 11:45:00","NORTH",61755,42.06,-2.54,0.00
"05/21/2014 11:45:00","NPX",61845,47.19,2.59,0.00
"05/21/2014 11:45:00","O H",61846,32.21,-2.90,9.49
"05/21/2014 11:45:00","PJM",61847,43.49,1.56,2.68
"05/21/2014 11:45:00","WEST",61752,31.52,-2.27,10.81
"05/21/2014 11:50:00","CAPITL",61757,46.35,1.78,0.00
"05/21/2014 11:50:00","CENTRL",61754,47.27,1.29,-1.42
"05/21/2014 11:50:00","DUNWOD",61760,48.80,4.24,0.00
"05/21/2014 11:50:00","GENESE",61753,42.49,1.03,3.10
"05/21/2014 11:50:00","H Q",61844,43.09,-1.47,0.00
"05/21/2014 11:50:00","HUD VL",61758,48.75,4.19,0.00
"05/21/2014 11:50:00","LONGIL",61762,49.68,5.12,0.00
"05/21/2014 11:50:00","MHK VL",61756,45.59,1.03,0.00
"05/21/2014 11:50:00","MILLWD",61759,48.75,4.19,0.00
"05/21/2014 11:50:00","N.Y.C.",61761,49.11,4.55,0.00
"05/21/2014 11:50:00","NORTH",61755,42.07,-2.49,0.00
"05/21/2014 11:50:00","NPX",61845,47.14,2.58,0.00
"05/21/2014 11:50:00","O H",61846,32.14,-3.03,9.39
"05/21/2014 11:50:00","PJM",61847,43.38,1.47,2.65
"05/21/2014 11:50:00","WEST",61752,31.47,-2.41,10.69
"05/21/2014 11:55:00","CAPITL",61757,49.44,1.85,0.00
"05/21/2014 11:55:00","CENTRL",61754,50.91,1.52,-1.81
"05/21/2014 11:55:00","DUNWOD",61760,52.01,4.43,0.00
"05/21/2014 11:55:00","GENESE",61753,44.87,1.24,3.95
"05/21/2014 11:55:00","H Q",61844,45.96,-1.62,0.00
"05/21/2014 11:55:00","HUD VL",61758,52.01,4.43,0.00
"05/21/2014 11:55:00","LONGIL",61762,52.96,5.38,0.00
"05/21/2014 11:55:00","MHK VL",61756,48.68,1.10,0.00
"05/21/2014 11:55:00","MILLWD",61759,51.96,4.37,0.00
"05/21/2014 11:55:00","N.Y.C.",61761,52.34,4.76,0.00
"05/21/2014 11:55:00","NORTH",61755,44.87,-2.71,0.00
"05/21/2014 11:55:00","NPX",61845,50.29,2.71,0.00
"05/21/2014 11:55:00","O H",61846,32.66,-2.95,11.97
"05/21/2014 11:55:00","PJM",61847,45.92,1.71,3.37
"05/21/2014 11:55:00","WEST",61752,31.72,-2.24,13.62
"05/21/2014 12:00:00","CAPITL",61757,39.78,1.49,0.00
"05/21/2014 12:00:00","CENTRL",61754,40.29,1.19,-0.81
"05/21/2014 12:00:00","DUNWOD",61760,41.93,3.64,0.00
"05/21/2014 12:00:00","GENESE",61753,37.64,0.88,1.53
"05/21/2014 12:00:00","H Q",61844,37.03,-1.26,0.00
"05/21/2014 12:00:00","HUD VL",61758,41.93,3.64,0.00
"05/21/2014 12:00:00","LONGIL",61762,42.88,4.59,0.00
"05/21/2014 12:00:00","MHK VL",61756,39.17,0.88,0.00
"05/21/2014 12:00:00","MILLWD",61759,41.89,3.60,0.00
"05/21/2014 12:00:00","N.Y.C.",61761,42.23,3.94,0.00
"05/21/2014 12:00:00","NORTH",61755,36.15,-2.14,0.00
"05/21/2014 12:00:00","NPX",61845,40.47,2.18,0.00
"05/21/2014 12:00:00","O H",61846,29.47,-2.34,6.48
"05/21/2014 12:00:00","PJM",61847,37.77,1.38,1.90
"05/21/2014 12:00:00","WEST",61752,29.18,-1.76,7.35
"05/21/2014 12:05:00","CAPITL",61757,37.85,1.42,0.00
"05/21/2014 12:05:00","CENTRL",61754,38.05,1.02,-0.61
"05/21/2014 12:05:00","DUNWOD",61760,40.00,3.57,0.00
"05/21/2014 12:05:00","GENESE",61753,36.01,0.73,1.15
"05/21/2014 12:05:00","H Q",61844,35.23,-1.20,0.00
"05/21/2014 12:05:00","HUD VL",61758,39.93,3.50,0.00
"05/21/2014 12:05:00","LONGIL",61762,40.91,4.48,0.00
"05/21/2014 12:05:00","MHK VL",61756,37.27,0.84,0.00
"05/21/2014 12:05:00","MILLWD",61759,39.93,3.50,0.00
"05/21/2014 12:05:00","N.Y.C.",61761,40.33,3.90,0.00
"05/21/2014 12:05:00","NORTH",61755,34.42,-2.00,0.00
"05/21/2014 12:05:00","NPX",61845,38.50,2.08,0.00
"05/21/2014 12:05:00","O H",61846,16.75,-2.41,17.27
"05/21/2014 12:05:00","PJM",61847,36.24,1.24,1.42
"05/21/2014 12:05:00","WEST",61752,29.09,-1.82,5.51
"05/21/2014 12:10:00","CAPITL",61757,44.89,1.68,0.00
"05/21/2014 12:10:00","CENTRL",61754,45.90,1.38,-1.31
"05/21/2014 12:10:00","DUNWOD",61760,47.45,4.24,0.00
"05/21/2014 12:10:00","GENESE",61753,41.73,0.99,2.47
"05/21/2014 12:10:00","H Q",61844,41.74,-1.47,0.00
"05/21/2014 12:10:00","HUD VL",61758,47.40,4.19,0.00
"05/21/2014 12:10:00","LONGIL",61762,48.61,5.40,0.00
"05/21/2014 12:10:00","MHK VL",61756,44.25,1.04,0.00
"05/21/2014 12:10:00","MILLWD",61759,47.40,4.19,0.00
"05/21/2014 12:10:00","N.Y.C.",61761,47.84,4.63,0.00
"05/21/2014 12:10:00","NORTH",61755,40.70,-2.51,0.00
"05/21/2014 12:10:00","NPX",61845,45.72,2.51,0.00
"05/21/2014 12:10:00","O H",61846,17.75,-2.59,22.87
"05/21/2014 12:10:00","PJM",61847,41.79,1.64,3.06
"05/21/2014 12:10:00","WEST",61752,29.45,-1.90,11.87
"05/21/2014 12:15:00","CAPITL",61757,39.14,1.47,0.00
"05/21/2014 12:15:00","CENTRL",61754,39.67,1.24,-0.75
"05/21/2014 12:15:00","DUNWOD",61760,41.41,3.73,0.00
"05/21/2014 12:15:00","GENESE",61753,37.15,0.90,1.43
"05/21/2014 12:15:00","H Q",61844,36.36,-1.32,0.00
"05/21/2014 12:15:00","HUD VL",61758,41.37,3.69,0.00
"05/21/2014 12:15:00","LONGIL",61762,49.24,4.71,-6.86
"05/21/2014 12:15:00","MHK VL",61756,38.58,0.90,0.00
"05/21/2014 12:15:00","MILLWD",61759,41.37,3.69,0.00
"05/21/2014 12:15:00","N.Y.C.",61761,41.71,4.03,0.00
"05/21/2014 12:15:00","NORTH",61755,35.42,-2.26,0.00
"05/21/2014 12:15:00","NPX",61845,39.82,2.15,0.00
"05/21/2014 12:15:00","O H",61846,16.99,-2.22,18.46
"05/21/2014 12:15:00","PJM",61847,37.41,1.51,1.77
"05/21/2014 12:15:00","WEST",61752,29.19,-1.62,6.87
"05/21/2014 12:20:00","CAPITL",61757,39.18,1.51,0.00
"05/21/2014 12:20:00","CENTRL",61754,39.55,1.13,-0.74
"05/21/2014 12:20:00","DUNWOD",61760,41.44,3.77,0.00
"05/21/2014 12:20:00","GENESE",61753,37.10,0.83,1.41
"05/21/2014 12:20:00","H Q",61844,36.39,-1.28,0.00
"05/21/2014 12:20:00","HUD VL",61758,41.37,3.69,0.00
"05/21/2014 12:20:00","LONGIL",61762,48.58,4.71,-6.19
"05/21/2014 12:20:00","MHK VL",61756,38.54,0.87,0.00
"05/21/2014 12:20:00","MILLWD",61759,41.37,3.69,0.00
"05/21/2014 12:20:00","N.Y.C.",61761,41.75,4.07,0.00
"05/21/2014 12:20:00","NORTH",61755,35.45,-2.22,0.00
"05/21/2014 12:20:00","NPX",61845,39.90,2.22,0.00
"05/21/2014 12:20:00","O H",61846,-43.18,-2.37,78.49
"05/21/2014 12:20:00","PJM",61847,37.36,1.43,1.74
"05/21/2014 12:20:00","WEST",61752,29.11,-1.81,6.76
"05/21/2014 12:25:00","CAPITL",61757,39.22,1.51,0.00
"05/21/2014 12:25:00","CENTRL",61754,39.67,1.21,-0.75
"05/21/2014 12:25:00","DUNWOD",61760,41.44,3.73,0.00
"05/21/2014 12:25:00","GENESE",61753,37.15,0.87,1.43
"05/21/2014 12:25:00","H Q",61844,36.39,-1.32,0.00
"05/21/2014 12:25:00","HUD VL",61758,41.41,3.70,0.00
"05/21/2014 12:25:00","LONGIL",61762,47.83,4.67,-5.45
"05/21/2014 12:25:00","MHK VL",61756,38.61,0.90,0.00
"05/21/2014 12:25:00","MILLWD",61759,41.41,3.70,0.00
"05/21/2014 12:25:00","N.Y.C.",61761,41.78,4.07,0.00
"05/21/2014 12:25:00","NORTH",61755,35.45,-2.26,0.00
"05/21/2014 12:25:00","NPX",61845,39.93,2.22,0.00
"05/21/2014 12:25:00","O H",61846,-43.09,-2.22,78.58
"05/21/2014 12:25:00","PJM",61847,37.45,1.51,1.77
"05/21/2014 12:25:00","WEST",61752,29.19,-1.66,6.86
"05/21/2014 12:30:00","CAPITL",61757,42.62,1.64,0.00
"05/21/2014 12:30:00","CENTRL",61754,43.33,1.27,-1.08
"05/21/2014 12:30:00","DUNWOD",61760,45.04,4.06,0.00
"05/21/2014 12:30:00","GENESE",61753,39.84,0.90,2.04
"05/21/2014 12:30:00","H Q",61844,39.59,-1.39,0.00
"05/21/2014 12:30:00","HUD VL",61758,44.96,3.97,0.00
"05/21/2014 12:30:00","LONGIL",61762,47.96,5.08,-1.90
"05/21/2014 12:30:00","MHK VL",61756,41.96,0.98,0.00
"05/21/2014 12:30:00","MILLWD",61759,44.96,3.97,0.00
"05/21/2014 12:30:00","N.Y.C.",61761,45.32,4.34,0.00
"05/21/2014 12:30:00","NORTH",61755,38.56,-2.42,0.00
"05/21/2014 12:30:00","NPX",61845,43.40,2.42,0.00
"05/21/2014 12:30:00","O H",61846,-42.69,-2.50,81.17
"05/21/2014 12:30:00","PJM",61847,40.01,1.56,2.53
"05/21/2014 12:30:00","WEST",61752,29.29,-1.88,9.80
"05/21/2014 12:35:00","CAPITL",61757,45.76,1.76,0.00
"05/21/2014 12:35:00","CENTRL",61754,47.11,1.50,-1.61
"05/21/2014 12:35:00","DUNWOD",61760,48.36,4.36,0.00
"05/21/2014 12:35:00","GENESE",61753,42.05,1.10,3.05
"05/21/2014 12:35:00","H Q",61844,42.42,-1.58,0.00
"05/21/2014 12:35:00","HUD VL",61758,48.27,4.27,0.00
"05/21/2014 12:35:00","LONGIL",61762,49.41,5.41,0.00
"05/21/2014 12:35:00","MHK VL",61756,45.05,1.05,0.00
"05/21/2014 12:35:00","MILLWD",61759,48.27,4.27,0.00
"05/21/2014 12:35:00","N.Y.C.",61761,48.62,4.62,0.00
"05/21/2014 12:35:00","NORTH",61755,41.27,-2.73,0.00
"05/21/2014 12:35:00","NPX",61845,46.60,2.60,0.00
"05/21/2014 12:35:00","O H",61846,28.60,-2.46,12.94
"05/21/2014 12:35:00","PJM",61847,42.06,1.85,3.79
"05/21/2014 12:35:00","WEST",61752,27.51,-1.81,14.68
"05/21/2014 12:40:00","CAPITL",61757,45.36,1.75,0.00
"05/21/2014 12:40:00","CENTRL",61754,46.66,1.48,-1.57
"05/21/2014 12:40:00","DUNWOD",61760,47.89,4.28,0.00
"05/21/2014 12:40:00","GENESE",61753,41.68,1.04,2.97
"05/21/2014 12:40:00","H Q",61844,42.08,-1.53,0.00
"05/21/2014 12:40:00","HUD VL",61758,47.84,4.23,0.00
"05/21/2014 12:40:00","LONGIL",61762,48.97,5.36,0.00
"05/21/2014 12:40:00","MHK VL",61756,44.65,1.04,0.00
"05/21/2014 12:40:00","MILLWD",61759,47.84,4.23,0.00
"05/21/2014 12:40:00","N.Y.C.",61761,48.14,4.54,0.00
"05/21/2014 12:40:00","NORTH",61755,40.95,-2.66,0.00
"05/21/2014 12:40:00","NPX",61845,46.14,2.53,0.00
"05/21/2014 12:40:00","O H",61846,28.58,-2.44,12.59
"05/21/2014 12:40:00","PJM",61847,41.71,1.79,3.68
"05/21/2014 12:40:00","WEST",61752,27.50,-1.83,14.28
"05/21/2014 12:45:00","CAPITL",61757,45.83,1.76,0.00
"05/21/2014 12:45:00","CENTRL",61754,47.13,1.45,-1.62
"05/21/2014 12:45:00","DUNWOD",61760,48.38,4.32,0.00
"05/21/2014 12:45:00","GENESE",61753,42.10,1.10,3.07
"05/21/2014 12:45:00","H Q",61844,42.52,-1.54,0.00
"05/21/2014 12:45:00","HUD VL",61758,48.34,4.27,0.00
"05/21/2014 12:45:00","LONGIL",61762,49.39,5.33,0.00
"05/21/2014 12:45:00","MHK VL",61756,45.17,1.10,0.00
"05/21/2014 12:45:00","MILLWD",61759,48.34,4.27,0.00
"05/21/2014 12:45:00","N.Y.C.",61761,48.65,4.58,0.00
"05/21/2014 12:45:00","NORTH",61755,41.37,-2.69,0.00
"05/21/2014 12:45:00","NPX",61845,46.62,2.55,0.00
"05/21/2014 12:45:00","O H",61846,28.56,-2.51,12.99
"05/21/2014 12:45:00","PJM",61847,42.07,1.81,3.80
"05/21/2014 12:45:00","WEST",61752,27.47,-1.85,14.74
"05/21/2014 12:50:00","CAPITL",61757,45.36,1.79,0.00
"05/21/2014 12:50:00","CENTRL",61754,46.58,1.44,-1.57
"05/21/2014 12:50:00","DUNWOD",61760,47.89,4.31,0.00
"05/21/2014 12:50:00","GENESE",61753,41.69,1.09,2.97
"05/21/2014 12:50:00","H Q",61844,42.04,-1.53,0.00
"05/21/2014 12:50:00","HUD VL",61758,47.80,4.23,0.00
"05/21/2014 12:50:00","LONGIL",61762,50.56,5.27,-1.72
"05/21/2014 12:50:00","MHK VL",61756,44.66,1.09,0.00
"05/21/2014 12:50:00","MILLWD",61759,47.80,4.23,0.00
"05/21/2014 12:50:00","N.Y.C.",61761,48.14,4.57,0.00
"05/21/2014 12:50:00","NORTH",61755,40.87,-2.70,0.00
"05/21/2014 12:50:00","NPX",61845,46.14,2.57,0.00
"05/21/2014 12:50:00","O H",61846,28.54,-2.44,12.60
"05/21/2014 12:50:00","PJM",61847,41.63,1.74,3.69
"05/21/2014 12:50:00","WEST",61752,27.49,-1.79,14.29
"05/21/2014 12:55:00","CAPITL",61757,49.86,1.96,0.00
"05/21/2014 12:55:00","CENTRL",61754,51.43,1.53,-2.00
"05/21/2014 12:55:00","DUNWOD",61760,52.64,4.74,0.00
"05/21/2014 12:55:00","GENESE",61753,45.25,1.15,3.79
"05/21/2014 12:55:00","H Q",61844,46.17,-1.72,0.00
"05/21/2014 12:55:00","HUD VL",61758,52.59,4.70,0.00
"05/21/2014 12:55:00","LONGIL",61762,53.69,5.79,0.00
"05/21/2014 12:55:00","MHK VL",61756,49.09,1.20,0.00
"05/21/2014 12:55:00","MILLWD",61759,52.59,4.70,0.00
"05/21/2014 12:55:00","N.Y.C.",61761,52.97,5.07,0.00
"05/21/2014 12:55:00","NORTH",61755,44.93,-2.97,0.00
"05/21/2014 12:55:00","NPX",61845,50.72,2.83,0.00
"05/21/2014 12:55:00","O H",61846,29.09,-2.73,16.08
"05/21/2014 12:55:00","PJM",61847,45.11,1.92,4.70
"05/21/2014 12:55:00","WEST",61752,27.64,-2.01,18.24
"05/21/2014 13:00:00","CAPITL",61757,45.23,1.70,0.00
"05/21/2014 13:00:00","CENTRL",61754,46.64,1.52,-1.58
"05/21/2014 13:00:00","DUNWOD",61760,47.84,4.31,0.00
"05/21/2014 13:00:00","GENESE",61753,41.50,0.96,2.99
"05/21/2014 13:00:00","H Q",61844,42.01,-1.52,0.00
"05/21/2014 13:00:00","HUD VL",61758,47.80,4.27,0.00
"05/21/2014 13:00:00","LONGIL",61762,49.36,5.22,-0.61
"05/21/2014 13:00:00","MHK VL",61756,44.62,1.09,0.00
"05/21/2014 13:00:00","MILLWD",61759,47.75,4.22,0.00
"05/21/2014 13:00:00","N.Y.C.",61761,48.15,4.61,0.00
"05/21/2014 13:00:00","NORTH",61755,40.88,-2.66,0.00
"05/21/2014 13:00:00","NPX",61845,46.01,2.48,0.00
"05/21/2014 13:00:00","O H",61846,28.59,-2.27,12.68
"05/21/2014 13:00:00","PJM",61847,41.74,1.91,3.71
"05/21/2014 13:00:00","WEST",61752,27.54,-1.61,14.38
"05/21/2014 13:01:47","CAPITL",61757,42.54,1.52,0.00
"05/21/2014 13:01:47","CENTRL",61754,43.89,1.52,-1.35
"05/21/2014 13:01:47","DUNWOD",61760,45.08,4.06,0.00
"05/21/2014 13:01:47","GENESE",61753,39.42,0.94,2.55
"05/21/2014 13:01:47","H Q",61844,39.59,-1.44,0.00
"05/21/2014 13:01:47","HUD VL",61758,45.04,4.02,0.00
"05/21/2014 13:01:47","LONGIL",61762,47.66,4.88,-1.76
"05/21/2014 13:01:47","MHK VL",61756,42.09,1.06,0.00
"05/21/2014 13:01:47","MILLWD",61759,45.00,3.98,0.00
"05/21/2014 13:01:47","N.Y.C.",61761,45.37,4.35,0.00
"05/21/2014 13:01:47","NORTH",61755,38.52,-2.50,0.00
"05/21/2014 13:01:47","NPX",61845,43.24,2.21,0.00
"05/21/2014 13:01:47","O H",61846,-26.85,-1.93,65.94
"05/21/2014 13:01:47","PJM",61847,39.79,1.93,3.16
"05/21/2014 13:01:47","WEST",61752,27.43,-1.35,12.24
"05/21/2014 13:05:00","CAPITL",61757,44.75,1.60,0.00
"05/21/2014 13:05:00","CENTRL",61754,46.77,1.81,-1.80
"05/21/2014 13:05:00","DUNWOD",61760,47.30,4.14,0.00
"05/21/2014 13:05:00","GENESE",61753,40.86,1.12,3.42
"05/21/2014 13:05:00","H Q",61844,26.88,-1.55,14.73
"05/21/2014 13:05:00","HUD VL",61758,47.30,4.14,0.00
"05/21/2014 13:05:00","LONGIL",61762,49.36,5.00,-1.20
"05/21/2014 13:05:00","MHK VL",61756,44.32,1.17,0.00
"05/21/2014 13:05:00","MILLWD",61759,47.26,4.10,0.00
"05/21/2014 13:05:00","N.Y.C.",61761,47.60,4.45,0.00
"05/21/2014 13:05:00","NORTH",61755,25.96,-2.63,14.56
"05/21/2014 13:05:00","NPX",61845,45.44,2.29,0.00
"05/21/2014 13:05:00","O H",61846,-28.16,-1.68,69.63
"05/21/2014 13:05:00","PJM",61847,41.12,2.20,4.24
"05/21/2014 13:05:00","WEST",61752,25.65,-1.08,16.43
"05/21/2014 13:05:23","CAPITL",61757,44.75,1.60,0.00
"05/21/2014 13:05:23","CENTRL",61754,46.77,1.81,-1.80
"05/21/2014 13:05:23","DUNWOD",61760,47.30,4.14,0.00
"05/21/2014 13:05:23","GENESE",61753,40.86,1.12,3.42
"05/21/2014 13:05:23","H Q",61844,26.88,-1.55,14.73
"05/21/2014 13:05:23","HUD VL",61758,47.30,4.14,0.00
"05/21/2014 13:05:23","LONGIL",61762,49.36,5.00,-1.20
"05/21/2014 13:05:23","MHK VL",61756,44.32,1.17,0.00
"05/21/2014 13:05:23","MILLWD",61759,47.26,4.10,0.00
"05/21/2014 13:05:23","N.Y.C.",61761,47.60,4.45,0.00
"05/21/2014 13:05:23","NORTH",61755,25.96,-2.63,14.56
"05/21/2014 13:05:23","NPX",61845,45.44,2.29,0.00
"05/21/2014 13:05:23","O H",61846,-28.16,-1.68,69.63
"05/21/2014 13:05:23","PJM",61847,41.12,2.20,4.24
"05/21/2014 13:05:23","WEST",61752,25.65,-1.08,16.43
"05/21/2014 13:10:00","CAPITL",61757,50.51,1.71,0.00
"05/21/2014 13:10:00","CENTRL",61754,52.33,1.46,-2.06
"05/21/2014 13:10:00","DUNWOD",61760,53.34,4.54,0.00
"05/21/2014 13:10:00","GENESE",61753,45.64,0.78,3.94
"05/21/2014 13:10:00","H Q",61844,47.34,-1.46,0.00
"05/21/2014 13:10:00","HUD VL",61758,53.29,4.49,0.00
"05/21/2014 13:10:00","LONGIL",61762,54.07,5.27,0.00
"05/21/2014 13:10:00","MHK VL",61756,49.93,1.12,0.00
"05/21/2014 13:10:00","MILLWD",61759,53.29,4.49,0.00
"05/21/2014 13:10:00","N.Y.C.",61761,53.68,4.88,0.00
"05/21/2014 13:10:00","NORTH",61755,46.02,-2.78,0.00
"05/21/2014 13:10:00","NPX",61845,51.29,2.49,0.00
"05/21/2014 13:10:00","O H",61846,-25.86,-2.83,71.83
"05/21/2014 13:10:00","PJM",61847,45.82,1.90,4.88
"05/21/2014 13:10:00","WEST",61752,27.72,-2.15,18.93
"05/21/2014 13:12:05","CAPITL",61757,50.51,1.71,0.00
"05/21/2014 13:12:05","CENTRL",61754,52.33,1.46,-2.06
"05/21/2014 13:12:05","DUNWOD",61760,53.34,4.54,0.00
"05/21/2014 13:12:05","GENESE",61753,45.64,0.78,3.94
"05/21/2014 13:12:05","H Q",61844,47.34,-1.46,0.00
"05/21/2014 13:12:05","HUD VL",61758,53.29,4.49,0.00
"05/21/2014 13:12:05","LONGIL",61762,54.07,5.27,0.00
"05/21/2014 13:12:05","MHK VL",61756,49.93,1.12,0.00
"05/21/2014 13:12:05","MILLWD",61759,53.29,4.49,0.00
"05/21/2014 13:12:05","N.Y.C.",61761,53.68,4.88,0.00
"05/21/2014 13:12:05","NORTH",61755,46.02,-2.78,0.00
"05/21/2014 13:12:05","NPX",61845,51.29,2.49,0.00
"05/21/2014 13:12:05","O H",61846,-25.86,-2.83,71.83
"05/21/2014 13:12:05","PJM",61847,45.82,1.90,4.88
"05/21/2014 13:12:05","WEST",61752,27.72,-2.15,18.93
"05/21/2014 13:15:00","CAPITL",61757,46.25,1.56,0.00
"05/21/2014 13:15:00","CENTRL",61754,47.59,1.25,-1.65
"05/21/2014 13:15:00","DUNWOD",61760,48.84,4.16,0.00
"05/21/2014 13:15:00","GENESE",61753,42.25,0.71,3.15
"05/21/2014 13:15:00","H Q",61844,43.35,-1.34,0.00
"05/21/2014 13:15:00","HUD VL",61758,48.80,4.11,0.00
"05/21/2014 13:15:00","LONGIL",61762,49.47,4.78,0.00
"05/21/2014 13:15:00","MHK VL",61756,45.67,0.98,0.00
"05/21/2014 13:15:00","MILLWD",61759,48.80,4.11,0.00
"05/21/2014 13:15:00","N.Y.C.",61761,49.11,4.42,0.00
"05/21/2014 13:15:00","NORTH",61755,42.23,-2.46,0.00
"05/21/2014 13:15:00","NPX",61845,46.96,2.28,0.00
"05/21/2014 13:15:00","O H",61846,28.67,-2.68,13.34
"05/21/2014 13:15:00","PJM",61847,42.39,1.61,3.90
"05/21/2014 13:15:00","WEST",61752,27.49,-2.05,15.14
"05/21/2014 13:20:00","CAPITL",61757,46.25,1.56,0.00
"05/21/2014 13:20:00","CENTRL",61754,47.59,1.25,-1.65
"05/21/2014 13:20:00","DUNWOD",61760,48.84,4.16,0.00
"05/21/2014 13:20:00","GENESE",61753,42.25,0.71,3.15
"05/21/2014 13:20:00","H Q",61844,43.35,-1.34,0.00
"05/21/2014 13:20:00","HUD VL",61758,48.80,4.11,0.00
"05/21/2014 13:20:00","LONGIL",61762,49.47,4.78,0.00
"05/21/2014 13:20:00","MHK VL",61756,45.67,0.98,0.00
"05/21/2014 13:20:00","MILLWD",61759,48.80,4.11,0.00
"05/21/2014 13:20:00","N.Y.C.",61761,49.11,4.42,0.00
"05/21/2014 13:20:00","NORTH",61755,42.23,-2.46,0.00
"05/21/2014 13:20:00","NPX",61845,46.96,2.28,0.00
"05/21/2014 13:20:00","O H",61846,28.67,-2.68,13.34
"05/21/2014 13:20:00","PJM",61847,42.39,1.61,3.90
"05/21/2014 13:20:00","WEST",61752,27.49,-2.05,15.14
"05/21/2014 13:25:00","CAPITL",61757,46.58,1.53,0.00
"05/21/2014 13:25:00","CENTRL",61754,47.99,1.26,-1.69
"05/21/2014 13:25:00","DUNWOD",61760,49.18,4.14,0.00
"05/21/2014 13:25:00","GENESE",61753,42.55,0.72,3.22
"05/21/2014 13:25:00","H Q",61844,43.69,-1.35,0.00
"05/21/2014 13:25:00","HUD VL",61758,49.18,4.14,0.00
"05/21/2014 13:25:00","LONGIL",61762,49.68,4.64,0.00
"05/21/2014 13:25:00","MHK VL",61756,46.03,0.99,0.00
"05/21/2014 13:25:00","MILLWD",61759,49.14,4.10,0.00
"05/21/2014 13:25:00","N.Y.C.",61761,49.46,4.42,0.00
"05/21/2014 13:25:00","NORTH",61755,42.48,-2.57,0.00
"05/21/2014 13:25:00","NPX",61845,47.34,2.30,0.00
"05/21/2014 13:25:00","O H",61846,28.67,-2.75,13.63
"05/21/2014 13:25:00","PJM",61847,42.67,1.62,3.99
"05/21/2014 13:25:00","WEST",61752,27.51,-2.07,15.47
"05/21/2014 13:30:00","CAPITL",61757,46.47,1.48,0.00
"05/21/2014 13:30:00","CENTRL",61754,48.03,1.35,-1.69
"05/21/2014 13:30:00","DUNWOD",61760,49.13,4.14,0.00
"05/21/2014 13:30:00","GENESE",61753,42.53,0.76,3.22
"05/21/2014 13:30:00","H Q",61844,43.64,-1.35,0.00
"05/21/2014 13:30:00","HUD VL",61758,49.13,4.14,0.00
"05/21/2014 13:30:00","LONGIL",61762,49.58,4.59,0.00
"05/21/2014 13:30:00","MHK VL",61756,46.02,1.04,0.00
"05/21/2014 13:30:00","MILLWD",61759,49.08,4.09,0.00
"05/21/2014 13:30:00","N.Y.C.",61761,49.35,4.36,0.00
"05/21/2014 13:30:00","NORTH",61755,42.43,-2.56,0.00
"05/21/2014 13:30:00","NPX",61845,47.24,2.25,0.00
"05/21/2014 13:30:00","O H",61846,28.72,-2.61,13.66
"05/21/2014 13:30:00","PJM",61847,42.66,1.67,4.00
"05/21/2014 13:30:00","WEST",61752,27.51,-1.98,15.50
"05/21/2014 13:35:00","CAPITL",61757,46.42,1.48,0.00
"05/21/2014 13:35:00","CENTRL",61754,47.86,1.44,-1.48
"05/21/2014 13:35:00","DUNWOD",61760,49.07,4.13,0.00
"05/21/2014 13:35:00","GENESE",61753,42.95,0.85,2.83
"05/21/2014 13:35:00","H Q",61844,43.54,-1.39,0.00
"05/21/2014 13:35:00","HUD VL",61758,49.07,4.13,0.00
"05/21/2014 13:35:00","LONGIL",61762,49.52,4.59,0.00
"05/21/2014 13:35:00","MHK VL",61756,45.97,1.03,0.00
"05/21/2014 13:35:00","MILLWD",61759,48.98,4.05,0.00
"05/21/2014 13:35:00","N.Y.C.",61761,49.34,4.41,0.00
"05/21/2014 13:35:00","NORTH",61755,42.28,-2.65,0.00
"05/21/2014 13:35:00","NPX",61845,47.14,2.20,0.00
"05/21/2014 13:35:00","O H",61846,30.51,-2.43,12.00
"05/21/2014 13:35:00","PJM",61847,43.17,1.75,3.51
"05/21/2014 13:35:00","WEST",61752,29.51,-1.80,13.62
"05/21/2014 13:40:00","CAPITL",61757,49.81,1.64,0.00
"05/21/2014 13:40:00","CENTRL",61754,51.62,1.44,-2.01
"05/21/2014 13:40:00","DUNWOD",61760,52.55,4.38,0.00
"05/21/2014 13:40:00","GENESE",61753,45.15,0.82,3.84
"05/21/2014 13:40:00","H Q",61844,46.73,-1.44,0.00
"05/21/2014 13:40:00","HUD VL",61758,52.55,4.38,0.00
"05/21/2014 13:40:00","LONGIL",61762,53.09,4.92,0.00
"05/21/2014 13:40:00","MHK VL",61756,49.28,1.11,0.00
"05/21/2014 13:40:00","MILLWD",61759,52.51,4.34,0.00
"05/21/2014 13:40:00","N.Y.C.",61761,52.79,4.62,0.00
"05/21/2014 13:40:00","NORTH",61755,45.47,-2.70,0.00
"05/21/2014 13:40:00","NPX",61845,50.58,2.41,0.00
"05/21/2014 13:40:00","O H",61846,29.17,-2.74,16.26
"05/21/2014 13:40:00","PJM",61847,45.20,1.78,4.76
"05/21/2014 13:40:00","WEST",61752,27.65,-2.07,18.45
"05/21/2014 13:45:00","CAPITL",61757,49.81,1.64,0.00
"05/21/2014 13:45:00","CENTRL",61754,51.62,1.44,-2.01
"05/21/2014 13:45:00","DUNWOD",61760,52.51,4.34,0.00
"05/21/2014 13:45:00","GENESE",61753,45.16,0.82,3.83
"05/21/2014 13:45:00","H Q",61844,46.73,-1.44,0.00
"05/21/2014 13:45:00","HUD VL",61758,52.55,4.38,0.00
"05/21/2014 13:45:00","LONGIL",61762,52.89,4.72,0.00
"05/21/2014 13:45:00","MHK VL",61756,49.28,1.11,0.00
"05/21/2014 13:45:00","MILLWD",61759,52.46,4.29,0.00
"05/21/2014 13:45:00","N.Y.C.",61761,52.79,4.62,0.00
"05/21/2014 13:45:00","NORTH",61755,45.43,-2.74,0.00
"05/21/2014 13:45:00","NPX",61845,50.58,2.41,0.00
"05/21/2014 13:45:00","O H",61846,29.16,-2.80,16.22
"05/21/2014 13:45:00","PJM",61847,45.21,1.78,4.75
"05/21/2014 13:45:00","WEST",61752,27.69,-2.07,18.41
"05/21/2014 13:50:00","CAPITL",61757,47.80,1.52,0.00
"05/21/2014 13:50:00","CENTRL",61754,49.52,1.44,-1.81
"05/21/2014 13:50:00","DUNWOD",61760,50.44,4.17,0.00
"05/21/2014 13:50:00","GENESE",61753,43.60,0.79,3.46
"05/21/2014 13:50:00","H Q",61844,44.88,-1.39,0.00
"05/21/2014 13:50:00","HUD VL",61758,50.48,4.21,0.00
"05/21/2014 13:50:00","LONGIL",61762,50.85,4.58,0.00
"05/21/2014 13:50:00","MHK VL",61756,47.34,1.07,0.00
"05/21/2014 13:50:00","MILLWD",61759,50.39,4.12,0.00
"05/21/2014 13:50:00","N.Y.C.",61761,50.71,4.44,0.00
"05/21/2014 13:50:00","NORTH",61755,43.64,-2.64,0.00
"05/21/2014 13:50:00","NPX",61845,48.54,2.27,0.00
"05/21/2014 13:50:00","O H",61846,28.94,-2.68,14.65
"05/21/2014 13:50:00","PJM",61847,43.70,1.71,4.29
"05/21/2014 13:50:00","WEST",61752,27.61,-2.03,16.63
"05/21/2014 13:55:00","CAPITL",61757,47.78,1.57,0.00
"05/21/2014 13:55:00","CENTRL",61754,49.35,1.34,-1.80
"05/21/2014 13:55:00","DUNWOD",61760,50.42,4.20,0.00
"05/21/2014 13:55:00","GENESE",61753,43.48,0.69,3.43
"05/21/2014 13:55:00","H Q",61844,44.87,-1.34,0.00
"05/21/2014 13:55:00","HUD VL",61758,50.42,4.20,0.00
"05/21/2014 13:55:00","LONGIL",61762,50.74,4.53,0.00
"05/21/2014 13:55:00","MHK VL",61756,47.28,1.06,0.00
"05/21/2014 13:55:00","MILLWD",61759,50.37,4.16,0.00
"05/21/2014 13:55:00","N.Y.C.",61761,50.69,4.48,0.00
"05/21/2014 13:55:00","NORTH",61755,43.67,-2.54,0.00
"05/21/2014 13:55:00","NPX",61845,48.48,2.26,0.00
"05/21/2014 13:55:00","O H",61846,28.87,-2.82,14.52
"05/21/2014 13:55:00","PJM",61847,43.58,1.62,4.25
"05/21/2014 13:55:00","WEST",61752,27.56,-2.17,16.48
"05/21/2014 14:00:00","CAPITL",61757,47.71,1.70,0.00
"05/21/2014 14:00:00","CENTRL",61754,49.16,1.38,-1.78
"05/21/2014 14:00:00","DUNWOD",61760,50.28,4.28,0.00
"05/21/2014 14:00:00","GENESE",61753,43.35,0.73,3.39
"05/21/2014 14:00:00","H Q",61844,44.53,-1.47,0.00
"05/21/2014 14:00:00","HUD VL",61758,50.32,4.32,0.00
"05/21/2014 14:00:00","LONGIL",61762,50.70,4.69,0.00
"05/21/2014 14:00:00","MHK VL",61756,47.06,1.06,0.00
"05/21/2014 14:00:00","MILLWD",61759,50.23,4.23,0.00
"05/21/2014 14:00:00","N.Y.C.",61761,50.56,4.56,0.00
"05/21/2014 14:00:00","NORTH",61755,43.33,-2.67,0.00
"05/21/2014 14:00:00","NPX",61845,48.44,2.44,0.00
"05/21/2014 14:00:00","O H",61846,28.89,-2.76,14.35
"05/21/2014 14:00:00","PJM",61847,43.55,1.75,4.20
"05/21/2014 14:00:00","WEST",61752,27.59,-2.12,16.29
"05/21/2014 14:05:00","CAPITL",61757,47.85,1.79,0.00
"05/21/2014 14:05:00","CENTRL",61754,49.33,1.47,-1.80
"05/21/2014 14:05:00","DUNWOD",61760,50.44,4.38,0.00
"05/21/2014 14:05:00","GENESE",61753,43.45,0.83,3.44
"05/21/2014 14:05:00","H Q",61844,29.75,-1.52,14.79
"05/21/2014 14:05:00","HUD VL",61758,50.44,4.38,0.00
"05/21/2014 14:05:00","LONGIL",61762,50.80,4.75,0.00
"05/21/2014 14:05:00","MHK VL",61756,47.16,1.10,0.00
"05/21/2014 14:05:00","MILLWD",61759,50.39,4.33,0.00
"05/21/2014 14:05:00","N.Y.C.",61761,50.71,4.65,0.00
"05/21/2014 14:05:00","NORTH",61755,28.67,-2.76,14.63
"05/21/2014 14:05:00","NPX",61845,48.64,2.58,0.00
"05/21/2014 14:05:00","O H",61846,28.92,-2.58,14.56
"05/21/2014 14:05:00","PJM",61847,43.69,1.89,4.26
"05/21/2014 14:05:00","WEST",61752,27.60,-1.93,16.52
"05/21/2014 14:10:00","CAPITL",61757,47.61,1.74,0.00
"05/21/2014 14:10:00","CENTRL",61754,49.07,1.42,-1.78
"05/21/2014 14:10:00","DUNWOD",61760,50.23,4.36,0.00
"05/21/2014 14:10:00","GENESE",61753,43.31,0.83,3.39
"05/21/2014 14:10:00","H Q",61844,44.36,-1.51,0.00
"05/21/2014 14:10:00","HUD VL",61758,50.23,4.36,0.00
"05/21/2014 14:10:00","LONGIL",61762,50.64,4.77,0.00
"05/21/2014 14:10:00","MHK VL",61756,46.93,1.06,0.00
"05/21/2014 14:10:00","MILLWD",61759,50.18,4.31,0.00
"05/21/2014 14:10:00","N.Y.C.",61761,50.50,4.63,0.00
"05/21/2014 14:10:00","NORTH",61755,43.17,-2.71,0.00
"05/21/2014 14:10:00","NPX",61845,48.44,2.57,0.00
"05/21/2014 14:10:00","O H",61846,28.89,-2.61,14.37
"05/21/2014 14:10:00","PJM",61847,43.50,1.84,4.21
"05/21/2014 14:10:00","WEST",61752,27.59,-1.97,16.31
"05/21/2014 14:15:00","CAPITL",61757,47.53,1.70,0.00
"05/21/2014 14:15:00","CENTRL",61754,49.07,1.47,-1.78
"05/21/2014 14:15:00","DUNWOD",61760,50.19,4.36,0.00
"05/21/2014 14:15:00","GENESE",61753,43.26,0.83,3.40
"05/21/2014 14:15:00","H Q",61844,44.32,-1.51,0.00
"05/21/2014 14:15:00","HUD VL",61758,50.19,4.36,0.00
"05/21/2014 14:15:00","LONGIL",61762,50.69,4.86,0.00
"05/21/2014 14:15:00","MHK VL",61756,46.93,1.10,0.00
"05/21/2014 14:15:00","MILLWD",61759,50.14,4.31,0.00
"05/21/2014 14:15:00","N.Y.C.",61761,50.42,4.58,0.00
"05/21/2014 14:15:00","NORTH",61755,43.13,-2.70,0.00
"05/21/2014 14:15:00","NPX",61845,48.35,2.52,0.00
"05/21/2014 14:15:00","O H",61846,28.89,-2.52,14.42
"05/21/2014 14:15:00","PJM",61847,43.49,1.88,4.22
"05/21/2014 14:15:00","WEST",61752,27.59,-1.88,16.36
"05/21/2014 14:20:00","CAPITL",61757,47.28,1.69,0.00
"05/21/2014 14:20:00","CENTRL",61754,48.58,1.46,-1.53
"05/21/2014 14:20:00","DUNWOD",61760,49.92,4.33,0.00
"05/21/2014 14:20:00","GENESE",61753,43.47,0.82,2.94
"05/21/2014 14:20:00","H Q",61844,44.09,-1.50,0.00
"05/21/2014 14:20:00","HUD VL",61758,49.92,4.33,0.00
"05/21/2014 14:20:00","LONGIL",61762,50.47,4.88,0.00
"05/21/2014 14:20:00","MHK VL",61756,46.68,1.09,0.00
"05/21/2014 14:20:00","MILLWD",61759,49.87,4.28,0.00
"05/21/2014 14:20:00","N.Y.C.",61761,50.15,4.56,0.00
"05/21/2014 14:20:00","NORTH",61755,42.90,-2.69,0.00
"05/21/2014 14:20:00","NPX",61845,48.10,2.51,0.00
"05/21/2014 14:20:00","O H",61846,30.59,-2.55,12.45
"05/21/2014 14:20:00","PJM",61847,43.82,1.87,3.64
"05/21/2014 14:20:00","WEST",61752,29.55,-1.91,14.13
"05/21/2014 14:25:00","CAPITL",61757,47.35,1.69,0.00
"05/21/2014 14:25:00","CENTRL",61754,48.66,1.46,-1.54
"05/21/2014 14:25:00","DUNWOD",61760,49.95,4.29,0.00
"05/21/2014 14:25:00","GENESE",61753,43.53,0.82,2.95
"05/21/2014 14:25:00","H Q",61844,44.15,-1.51,0.00
"05/21/2014 14:25:00","HUD VL",61758,49.95,4.29,0.00
"05/21/2014 14:25:00","LONGIL",61762,50.55,4.89,0.00
"05/21/2014 14:25:00","MHK VL",61756,46.75,1.09,0.00
"05/21/2014 14:25:00","MILLWD",61759,49.91,4.25,0.00
"05/21/2014 14:25:00","N.Y.C.",61761,50.22,4.57,0.00
"05/21/2014 14:25:00","NORTH",61755,42.96,-2.69,0.00
"05/21/2014 14:25:00","NPX",61845,48.12,2.46,0.00
"05/21/2014 14:25:00","O H",61846,30.64,-2.51,12.51
"05/21/2014 14:25:00","PJM",61847,43.87,1.87,3.66
"05/21/2014 14:25:00","WEST",61752,29.55,-1.92,14.19
"05/21/2014 14:30:00","CAPITL",61757,47.32,1.69,0.00
"05/21/2014 14:30:00","CENTRL",61754,48.68,1.50,-1.54
"05/21/2014 14:30:00","DUNWOD",61760,49.92,4.29,0.00
"05/21/2014 14:30:00","GENESE",61753,43.54,0.86,2.96
"05/21/2014 14:30:00","H Q",61844,44.13,-1.50,0.00
"05/21/2014 14:30:00","HUD VL",61758,49.97,4.34,0.00
"05/21/2014 14:30:00","LONGIL",61762,50.52,4.89,0.00
"05/21/2014 14:30:00","MHK VL",61756,46.73,1.09,0.00
"05/21/2014 14:30:00","MILLWD",61759,49.88,4.24,0.00
"05/21/2014 14:30:00","N.Y.C.",61761,50.20,4.56,0.00
"05/21/2014 14:30:00","NORTH",61755,42.90,-2.74,0.00
"05/21/2014 14:30:00","NPX",61845,48.10,2.46,0.00
"05/21/2014 14:30:00","O H",61846,30.64,-2.46,12.53
"05/21/2014 14:30:00","PJM",61847,43.88,1.92,3.67
"05/21/2014 14:30:00","WEST",61752,29.54,-1.87,14.22
"05/21/2014 14:35:00","CAPITL",61757,46.39,1.66,0.00
"05/21/2014 14:35:00","CENTRL",61754,47.67,1.47,-1.46
"05/21/2014 14:35:00","DUNWOD",61760,48.94,4.20,0.00
"05/21/2014 14:35:00","GENESE",61753,42.79,0.85,2.79
"05/21/2014 14:35:00","H Q",61844,43.26,-1.48,0.00
"05/21/2014 14:35:00","HUD VL",61758,48.94,4.20,0.00
"05/21/2014 14:35:00","LONGIL",61762,49.48,4.74,0.00
"05/21/2014 14:35:00","MHK VL",61756,45.81,1.07,0.00
"05/21/2014 14:35:00","MILLWD",61759,48.90,4.16,0.00
"05/21/2014 14:35:00","N.Y.C.",61761,49.17,4.43,0.00
"05/21/2014 14:35:00","NORTH",61755,42.10,-2.64,0.00
"05/21/2014 14:35:00","NPX",61845,47.15,2.41,0.00
"05/21/2014 14:35:00","O H",61846,30.48,-2.42,11.84
"05/21/2014 14:35:00","PJM",61847,43.15,1.88,3.47
"05/21/2014 14:35:00","WEST",61752,29.51,-1.79,13.44
"05/21/2014 14:40:00","CAPITL",61757,45.52,1.63,0.00
"05/21/2014 14:40:00","CENTRL",61754,46.52,1.27,-1.35
"05/21/2014 14:40:00","DUNWOD",61760,48.07,4.17,0.00
"05/21/2014 14:40:00","GENESE",61753,41.72,0.79,2.97
"05/21/2014 14:40:00","H Q",61844,42.49,-1.41,0.00
"05/21/2014 14:40:00","HUD VL",61758,48.07,4.17,0.00
"05/21/2014 14:40:00","LONGIL",61762,48.68,4.79,0.00
"05/21/2014 14:40:00","MHK VL",61756,44.91,1.01,0.00
"05/21/2014 14:40:00","MILLWD",61759,48.02,4.13,0.00
"05/21/2014 14:40:00","N.Y.C.",61761,48.33,4.43,0.00
"05/21/2014 14:40:00","NORTH",61755,41.35,-2.55,0.00
"05/21/2014 14:40:00","NPX",61845,46.31,2.41,0.00
"05/21/2014 14:40:00","O H",61846,32.13,-2.72,9.05
"05/21/2014 14:40:00","PJM",61847,43.01,1.67,2.55
"05/21/2014 14:40:00","WEST",61752,31.39,-2.19,10.31
"05/21/2014 14:45:00","CAPITL",61757,46.35,1.65,0.00
"05/21/2014 14:45:00","CENTRL",61754,47.80,1.39,-1.72
"05/21/2014 14:45:00","DUNWOD",61760,48.95,4.25,0.00
"05/21/2014 14:45:00","GENESE",61753,41.81,0.89,3.78
"05/21/2014 14:45:00","H Q",61844,43.23,-1.47,0.00
"05/21/2014 14:45:00","HUD VL",61758,48.95,4.25,0.00
"05/21/2014 14:45:00","LONGIL",61762,49.48,4.79,0.00
"05/21/2014 14:45:00","MHK VL",61756,45.77,1.07,0.00
"05/21/2014 14:45:00","MILLWD",61759,48.90,4.20,0.00
"05/21/2014 14:45:00","N.Y.C.",61761,49.17,4.47,0.00
"05/21/2014 14:45:00","NORTH",61755,42.02,-2.68,0.00
"05/21/2014 14:45:00","NPX",61845,47.16,2.46,0.00
"05/21/2014 14:45:00","O H",61846,30.59,-2.59,11.52
"05/21/2014 14:45:00","PJM",61847,43.29,1.83,3.25
"05/21/2014 14:45:00","WEST",61752,29.56,-2.01,13.12
"05/21/2014 14:50:00","CAPITL",61757,45.93,1.68,0.00
"05/21/2014 14:50:00","CENTRL",61754,46.92,1.28,-1.39
"05/21/2014 14:50:00","DUNWOD",61760,48.49,4.25,0.00
"05/21/2014 14:50:00","GENESE",61753,41.98,0.80,3.06
"05/21/2014 14:50:00","H Q",61844,42.79,-1.46,0.00
"05/21/2014 14:50:00","HUD VL",61758,48.49,4.25,0.00
"05/21/2014 14:50:00","LONGIL",61762,49.11,4.87,0.00
"05/21/2014 14:50:00","MHK VL",61756,45.30,1.06,0.00
"05/21/2014 14:50:00","MILLWD",61759,48.45,4.21,0.00
"05/21/2014 14:50:00","N.Y.C.",61761,48.71,4.47,0.00
"05/21/2014 14:50:00","NORTH",61755,41.63,-2.61,0.00
"05/21/2014 14:50:00","NPX",61845,46.72,2.48,0.00
"05/21/2014 14:50:00","O H",61846,32.18,-2.74,9.32
"05/21/2014 14:50:00","PJM",61847,43.34,1.72,2.63
"05/21/2014 14:50:00","WEST",61752,31.45,-2.17,10.63
"05/21/2014 14:55:00","CAPITL",61757,46.29,1.69,0.00
"05/21/2014 14:55:00","CENTRL",61754,47.63,1.34,-1.69
"05/21/2014 14:55:00","DUNWOD",61760,48.88,4.28,0.00
"05/21/2014 14:55:00","GENESE",61753,41.72,0.85,3.73
"05/21/2014 14:55:00","H Q",61844,31.57,-1.47,11.56
"05/21/2014 14:55:00","HUD VL",61758,48.88,4.28,0.00
"05/21/2014 14:55:00","LONGIL",61762,49.42,4.82,0.00
"05/21/2014 14:55:00","MHK VL",61756,45.67,1.07,0.00
"05/21/2014 14:55:00","MILLWD",61759,48.84,4.24,0.00
"05/21/2014 14:55:00","N.Y.C.",61761,49.15,4.55,0.00
"05/21/2014 14:55:00","NORTH",61755,30.44,-2.72,11.43
"05/21/2014 14:55:00","NPX",61845,47.10,2.50,0.00
"05/21/2014 14:55:00","O H",61846,30.52,-2.72,11.36
"05/21/2014 14:55:00","PJM",61847,43.18,1.79,3.20
"05/21/2014 14:55:00","WEST",61752,29.56,-2.10,12.95
"05/21/2014 15:00:00","CAPITL",61757,46.27,1.74,0.00
"05/21/2014 15:00:00","CENTRL",61754,47.50,1.29,-1.67
"05/21/2014 15:00:00","DUNWOD",61760,48.81,4.28,0.00
"05/21/2014 15:00:00","GENESE",61753,41.65,0.80,3.69
"05/21/2014 15:00:00","H Q",61844,43.07,-1.47,0.00
"05/21/2014 15:00:00","HUD VL",61758,48.81,4.28,0.00
"05/21/2014 15:00:00","LONGIL",61762,49.39,4.86,0.00
"05/21/2014 15:00:00","MHK VL",61756,45.56,1.03,0.00
"05/21/2014 15:00:00","MILLWD",61759,48.77,4.23,0.00
"05/21/2014 15:00:00","N.Y.C.",61761,49.03,4.50,0.00
"05/21/2014 15:00:00","NORTH",61755,41.82,-2.72,0.00
"05/21/2014 15:00:00","NPX",61845,47.03,2.49,0.00
"05/21/2014 15:00:00","O H",61846,30.54,-2.76,11.23
"05/21/2014 15:00:00","PJM",61847,43.10,1.74,3.17
"05/21/2014 15:00:00","WEST",61752,29.55,-2.18,12.80
"05/21/2014 15:05:00","CAPITL",61757,48.55,1.82,0.00
"05/21/2014 15:05:00","CENTRL",61754,50.40,1.45,-2.21
"05/21/2014 15:05:00","DUNWOD",61760,51.12,4.39,0.00
"05/21/2014 15:05:00","GENESE",61753,42.79,0.93,4.87
"05/21/2014 15:05:00","H Q",61844,30.09,-1.54,15.11
"05/21/2014 15:05:00","HUD VL",61758,51.18,4.44,0.00
"05/21/2014 15:05:00","LONGIL",61762,51.59,4.86,0.00
"05/21/2014 15:05:00","MHK VL",61756,47.81,1.08,0.00
"05/21/2014 15:05:00","MILLWD",61759,51.08,4.35,0.00
"05/21/2014 15:05:00","N.Y.C.",61761,51.36,4.63,0.00
"05/21/2014 15:05:00","NORTH",61755,28.93,-2.85,14.95
"05/21/2014 15:05:00","NPX",61845,49.40,2.66,0.00
"05/21/2014 15:05:00","O H",61846,29.17,-2.71,14.85
"05/21/2014 15:05:00","PJM",61847,44.47,1.92,4.18
"05/21/2014 15:05:00","WEST",61752,27.76,-2.06,16.92
"05/21/2014 15:10:00","CAPITL",61757,46.51,1.74,0.00
"05/21/2014 15:10:00","CENTRL",61754,48.08,1.34,-1.97
"05/21/2014 15:10:00","DUNWOD",61760,49.02,4.26,0.00
"05/21/2014 15:10:00","GENESE",61753,41.28,0.85,4.33
"05/21/2014 15:10:00","H Q",61844,29.86,-1.48,13.44
"05/21/2014 15:10:00","HUD VL",61758,49.07,4.30,0.00
"05/21/2014 15:10:00","LONGIL",61762,49.47,4.70,0.00
"05/21/2014 15:10:00","MHK VL",61756,45.80,1.03,0.00
"05/21/2014 15:10:00","MILLWD",61759,48.98,4.21,0.00
"05/21/2014 15:10:00","N.Y.C.",61761,49.25,4.48,0.00
"05/21/2014 15:10:00","NORTH",61755,28.74,-2.73,13.29
"05/21/2014 15:10:00","NPX",61845,47.32,2.55,0.00
"05/21/2014 15:10:00","O H",61846,28.83,-2.73,13.21
"05/21/2014 15:10:00","PJM",61847,42.84,1.79,3.72
"05/21/2014 15:10:00","WEST",61752,27.61,-2.10,15.05
"05/21/2014 15:15:00","CAPITL",61757,46.48,1.79,0.00
"05/21/2014 15:15:00","CENTRL",61754,47.55,1.21,-1.66
"05/21/2014 15:15:00","DUNWOD",61760,48.93,4.25,0.00
"05/21/2014 15:15:00","GENESE",61753,41.72,0.71,3.68
"05/21/2014 15:15:00","H Q",61844,43.25,-1.43,0.00
"05/21/2014 15:15:00","HUD VL",61758,48.93,4.25,0.00
"05/21/2014 15:15:00","LONGIL",61762,49.47,4.78,0.00
"05/21/2014 15:15:00","MHK VL",61756,45.72,1.03,0.00
"05/21/2014 15:15:00","MILLWD",61759,48.89,4.20,0.00
"05/21/2014 15:15:00","N.Y.C.",61761,49.20,4.51,0.00
"05/21/2014 15:15:00","NORTH",61755,42.09,-2.59,0.00
"05/21/2014 15:15:00","NPX",61845,47.28,2.59,0.00
"05/21/2014 15:15:00","O H",61846,30.46,-2.99,11.24
"05/21/2014 15:15:00","PJM",61847,43.13,1.61,3.17
"05/21/2014 15:15:00","WEST",61752,29.45,-2.41,12.82
"05/21/2014 15:20:00","CAPITL",61757,49.91,1.92,0.00
"05/21/2014 15:20:00","CENTRL",61754,51.49,1.20,-2.30
"05/21/2014 15:20:00","DUNWOD",61760,52.59,4.61,0.00
"05/21/2014 15:20:00","GENESE",61753,43.64,0.77,5.11
"05/21/2014 15:20:00","H Q",61844,46.40,-1.58,0.00
"05/21/2014 15:20:00","HUD VL",61758,52.59,4.61,0.00
"05/21/2014 15:20:00","LONGIL",61762,53.12,5.14,0.00
"05/21/2014 15:20:00","MHK VL",61756,48.99,1.01,0.00
"05/21/2014 15:20:00","MILLWD",61759,52.55,4.56,0.00
"05/21/2014 15:20:00","N.Y.C.",61761,52.83,4.84,0.00
"05/21/2014 15:20:00","NORTH",61755,45.11,-2.88,0.00
"05/21/2014 15:20:00","NPX",61845,50.77,2.78,0.00
"05/21/2014 15:20:00","O H",61846,29.27,-3.12,15.59
"05/21/2014 15:20:00","PJM",61847,45.41,1.82,4.39
"05/21/2014 15:20:00","WEST",61752,27.70,-2.50,17.79
"05/21/2014 15:25:00","CAPITL",61757,48.41,1.86,0.00
"05/21/2014 15:25:00","CENTRL",61754,49.95,1.26,-2.15
"05/21/2014 15:25:00","DUNWOD",61760,50.97,4.42,0.00
"05/21/2014 15:25:00","GENESE",61753,42.61,0.84,4.78
"05/21/2014 15:25:00","H Q",61844,30.18,-1.53,14.83
"05/21/2014 15:25:00","HUD VL",61758,51.02,4.47,0.00
"05/21/2014 15:25:00","LONGIL",61762,51.43,4.89,0.00
"05/21/2014 15:25:00","MHK VL",61756,47.53,0.98,0.00
"05/21/2014 15:25:00","MILLWD",61759,50.92,4.37,0.00
"05/21/2014 15:25:00","N.Y.C.",61761,51.20,4.65,0.00
"05/21/2014 15:25:00","NORTH",61755,29.03,-2.84,14.68
"05/21/2014 15:25:00","NPX",61845,49.24,2.70,0.00
"05/21/2014 15:25:00","O H",61846,29.09,-2.89,14.58
"05/21/2014 15:25:00","PJM",61847,44.30,1.86,4.11
"05/21/2014 15:25:00","WEST",61752,27.63,-2.28,16.63
"05/21/2014 15:30:00","CAPITL",61757,49.85,1.87,0.00
"05/21/2014 15:30:00","CENTRL",61754,51.97,1.39,-2.60
"05/21/2014 15:30:00","DUNWOD",61760,52.49,4.51,0.00
"05/21/2014 15:30:00","GENESE",61753,43.18,0.96,5.77
"05/21/2014 15:30:00","H Q",61844,28.50,-1.58,17.90
"05/21/2014 15:30:00","HUD VL",61758,52.55,4.56,0.00
"05/21/2014 15:30:00","LONGIL",61762,52.98,4.99,0.00
"05/21/2014 15:30:00","MHK VL",61756,48.99,1.01,0.00
"05/21/2014 15:30:00","MILLWD",61759,52.49,4.51,0.00
"05/21/2014 15:30:00","N.Y.C.",61761,52.74,4.75,0.00
"05/21/2014 15:30:00","NORTH",61755,27.34,-2.93,17.72
"05/21/2014 15:30:00","NPX",61845,50.72,2.73,0.00
"05/21/2014 15:30:00","O H",61846,27.66,-2.73,17.59
"05/21/2014 15:30:00","PJM",61847,45.04,2.01,4.96
"05/21/2014 15:30:00","WEST",61752,25.80,-2.11,20.08
"05/21/2014 15:35:00","CAPITL",61757,50.26,1.93,0.00
"05/21/2014 15:35:00","CENTRL",61754,52.19,1.25,-2.62
"05/21/2014 15:35:00","DUNWOD",61760,52.96,4.64,0.00
"05/21/2014 15:35:00","GENESE",61753,43.38,0.87,5.81
"05/21/2014 15:35:00","H Q",61844,28.68,-1.59,18.05
"05/21/2014 15:35:00","HUD VL",61758,52.96,4.64,0.00
"05/21/2014 15:35:00","LONGIL",61762,53.39,5.07,0.00
"05/21/2014 15:35:00","MHK VL",61756,49.34,1.02,0.00
"05/21/2014 15:35:00","MILLWD",61759,52.91,4.59,0.00
"05/21/2014 15:35:00","N.Y.C.",61761,53.15,4.83,0.00
"05/21/2014 15:35:00","NORTH",61755,27.51,-2.95,17.86
"05/21/2014 15:35:00","NPX",61845,51.12,2.80,0.00
"05/21/2014 15:35:00","O H",61846,27.64,-2.95,17.74
"05/21/2014 15:35:00","PJM",61847,45.30,1.98,5.00
"05/21/2014 15:35:00","WEST",61752,25.76,-2.32,20.24
"05/21/2014 15:40:00","CAPITL",61757,50.37,1.94,0.00
"05/21/2014 15:40:00","CENTRL",61754,52.67,1.35,-2.89
"05/21/2014 15:40:00","DUNWOD",61760,53.03,4.60,0.00
"05/21/2014 15:40:00","GENESE",61753,42.93,0.92,6.42
"05/21/2014 15:40:00","H Q",61844,26.91,-1.60,19.92
"05/21/2014 15:40:00","HUD VL",61758,53.08,4.65,0.00
"05/21/2014 15:40:00","LONGIL",61762,53.47,5.04,0.00
"05/21/2014 15:40:00","MHK VL",61756,49.45,1.02,0.00
"05/21/2014 15:40:00","MILLWD",61759,52.98,4.55,0.00
"05/21/2014 15:40:00","N.Y.C.",61761,53.27,4.84,0.00
"05/21/2014 15:40:00","NORTH",61755,25.76,-2.96,19.72
"05/21/2014 15:40:00","NPX",61845,51.24,2.81,0.00
"05/21/2014 15:40:00","O H",61846,25.99,-2.86,19.58
"05/21/2014 15:40:00","PJM",61847,44.95,2.03,5.52
"05/21/2014 15:40:00","WEST",61752,23.86,-2.23,22.34
"05/21/2014 15:45:00","CAPITL",61757,47.10,1.81,0.00
"05/21/2014 15:45:00","CENTRL",61754,48.40,1.13,-1.99
"05/21/2014 15:45:00","DUNWOD",61760,49.63,4.35,0.00
"05/21/2014 15:45:00","GENESE",61753,41.59,0.72,4.41
"05/21/2014 15:45:00","H Q",61844,30.10,-1.49,13.69
"05/21/2014 15:45:00","HUD VL",61758,49.67,4.39,0.00
"05/21/2014 15:45:00","LONGIL",61762,50.08,4.80,0.00
"05/21/2014 15:45:00","MHK VL",61756,46.24,0.95,0.00
"05/21/2014 15:45:00","MILLWD",61759,49.63,4.35,0.00
"05/21/2014 15:45:00","N.Y.C.",61761,49.90,4.62,0.00
"05/21/2014 15:45:00","NORTH",61755,28.97,-2.76,13.55
"05/21/2014 15:45:00","NPX",61845,47.95,2.67,0.00
"05/21/2014 15:45:00","O H",61846,28.88,-2.94,13.46
"05/21/2014 15:45:00","PJM",61847,43.25,1.76,3.79
"05/21/2014 15:45:00","WEST",61752,27.57,-2.36,15.36
"05/21/2014 15:50:00","CAPITL",61757,49.91,1.97,0.00
"05/21/2014 15:50:00","CENTRL",61754,51.64,1.15,-2.55
"05/21/2014 15:50:00","DUNWOD",61760,52.59,4.65,0.00
"05/21/2014 15:50:00","GENESE",61753,43.00,0.72,5.66
"05/21/2014 15:50:00","H Q",61844,28.79,-1.58,17.57
"05/21/2014 15:50:00","HUD VL",61758,52.59,4.65,0.00
"05/21/2014 15:50:00","LONGIL",61762,53.02,5.08,0.00
"05/21/2014 15:50:00","MHK VL",61756,48.95,1.01,0.00
"05/21/2014 15:50:00","MILLWD",61759,52.54,4.60,0.00
"05/21/2014 15:50:00","N.Y.C.",61761,52.83,4.89,0.00
"05/21/2014 15:50:00","NORTH",61755,27.62,-2.93,17.39
"05/21/2014 15:50:00","NPX",61845,50.77,2.83,0.00
"05/21/2014 15:50:00","O H",61846,27.55,-3.12,17.27
"05/21/2014 15:50:00","PJM",61847,44.94,1.87,4.87
"05/21/2014 15:50:00","WEST",61752,25.69,-2.54,19.71
"05/21/2014 15:55:00","CAPITL",61757,49.91,1.97,0.00
"05/21/2014 15:55:00","CENTRL",61754,52.29,1.15,-3.20
"05/21/2014 15:55:00","DUNWOD",61760,52.64,4.70,0.00
"05/21/2014 15:55:00","GENESE",61753,42.40,0.62,6.16
"05/21/2014 15:55:00","H Q",61844,19.78,-1.58,26.58
"05/21/2014 15:55:00","HUD VL",61758,52.64,4.70,0.00
"05/21/2014 15:55:00","LONGIL",61762,53.02,5.08,0.00
"05/21/2014 15:55:00","MHK VL",61756,48.95,1.01,0.00
"05/21/2014 15:55:00","MILLWD",61759,52.59,4.65,0.00
"05/21/2014 15:55:00","N.Y.C.",61761,52.93,4.99,0.00
"05/21/2014 15:55:00","NORTH",61755,18.71,-2.93,26.30
"05/21/2014 15:55:00","NPX",61845,50.77,2.83,0.00
"05/21/2014 15:55:00","O H",61846,18.77,-3.02,26.15
"05/21/2014 15:55:00","PJM",61847,42.16,1.87,7.65
"05/21/2014 15:55:00","WEST",61752,15.88,-2.35,29.71
"05/21/2014 16:00:00","CAPITL",61757,52.68,1.98,0.00
"05/21/2014 16:00:00","CENTRL",61754,51.97,1.27,0.00
"05/21/2014 16:00:00","DUNWOD",61760,55.57,4.87,0.00
"05/21/2014 16:00:00","GENESE",61753,51.41,0.71,0.00
"05/21/2014 16:00:00","H Q",61844,49.08,-1.62,0.00
"05/21/2014 16:00:00","HUD VL",61758,55.57,4.87,0.00
"05/21/2014 16:00:00","LONGIL",61762,55.98,5.27,0.00
"05/21/2014 16:00:00","MHK VL",61756,51.77,1.07,0.00
"05/21/2014 16:00:00","MILLWD",61759,55.52,4.82,0.00
"05/21/2014 16:00:00","N.Y.C.",61761,55.82,5.12,0.00
"05/21/2014 16:00:00","NORTH",61755,47.71,-2.99,0.00
"05/21/2014 16:00:00","NPX",61845,53.59,2.89,0.00
"05/21/2014 16:00:00","O H",61846,47.66,-3.04,0.00
"05/21/2014 16:00:00","PJM",61847,52.73,2.03,0.00
"05/21/2014 16:00:00","WEST",61752,48.32,-2.38,0.00
"05/21/2014 16:05:00","CAPITL",61757,86.70,3.25,0.00
"05/21/2014 16:05:00","CENTRL",61754,91.10,2.59,-5.06
"05/21/2014 16:05:00","DUNWOD",61760,91.38,7.93,0.00
"05/21/2014 16:05:00","GENESE",61753,75.27,1.58,9.76
"05/21/2014 16:05:00","H Q",61844,80.69,-2.75,0.00
"05/21/2014 16:05:00","HUD VL",61758,91.38,7.93,0.00
"05/21/2014 16:05:00","LONGIL",61762,91.96,8.52,0.00
"05/21/2014 16:05:00","MHK VL",61756,85.28,1.83,0.00
"05/21/2014 16:05:00","MILLWD",61759,91.29,7.84,0.00
"05/21/2014 16:05:00","N.Y.C.",61761,91.71,8.26,0.00
"05/21/2014 16:05:00","NORTH",61755,78.27,-5.17,0.00
"05/21/2014 16:05:00","NPX",61845,88.12,4.67,0.00
"05/21/2014 16:05:00","O H",61846,37.89,-4.17,41.39
"05/21/2014 16:05:00","PJM",61847,75.26,3.92,12.11
"05/21/2014 16:05:00","WEST",61752,33.25,-3.17,47.02
"05/21/2014 16:10:00","CAPITL",61757,72.40,2.65,0.00
"05/21/2014 16:10:00","CENTRL",61754,75.91,2.23,-3.93
"05/21/2014 16:10:00","DUNWOD",61760,76.23,6.49,0.00
"05/21/2014 16:10:00","GENESE",61753,63.57,1.39,7.57
"05/21/2014 16:10:00","H Q",61844,67.45,-2.30,0.00
"05/21/2014 16:10:00","HUD VL",61758,76.30,6.55,0.00
"05/21/2014 16:10:00","LONGIL",61762,76.65,6.91,0.00
"05/21/2014 16:10:00","MHK VL",61756,71.28,1.53,0.00
"05/21/2014 16:10:00","MILLWD",61759,76.23,6.49,0.00
"05/21/2014 16:10:00","N.Y.C.",61761,76.59,6.84,0.00
"05/21/2014 16:10:00","NORTH",61755,65.49,-4.26,0.00
"05/21/2014 16:10:00","NPX",61845,73.65,3.90,0.00
"05/21/2014 16:10:00","O H",61846,34.28,-3.35,32.12
"05/21/2014 16:10:00","PJM",61847,63.63,3.28,9.40
"05/21/2014 16:10:00","WEST",61752,30.74,-2.51,36.50
"05/21/2014 16:15:00","CAPITL",61757,54.89,2.06,0.00
"05/21/2014 16:15:00","CENTRL",61754,56.42,1.53,-2.06
"05/21/2014 16:15:00","DUNWOD",61760,57.96,5.12,0.00
"05/21/2014 16:15:00","GENESE",61753,49.87,0.90,3.86
"05/21/2014 16:15:00","H Q",61844,51.04,-1.80,0.00
"05/21/2014 16:15:00","HUD VL",61758,57.96,5.12,0.00
"05/21/2014 16:15:00","LONGIL",61762,58.43,5.60,0.00
"05/21/2014 16:15:00","MHK VL",61756,53.99,1.16,0.00
"05/21/2014 16:15:00","MILLWD",61759,57.96,5.12,0.00
"05/21/2014 16:15:00","N.Y.C.",61761,58.28,5.44,0.00
"05/21/2014 16:15:00","NORTH",61755,49.51,-3.33,0.00
"05/21/2014 16:15:00","NPX",61845,55.84,3.01,0.00
"05/21/2014 16:15:00","O H",61846,33.47,-2.85,16.51
"05/21/2014 16:15:00","PJM",61847,50.38,2.38,4.83
"05/21/2014 16:15:00","WEST",61752,31.86,-2.22,18.76
"05/21/2014 16:20:00","CAPITL",61757,54.90,2.11,0.00
"05/21/2014 16:20:00","CENTRL",61754,56.01,1.21,-2.01
"05/21/2014 16:20:00","DUNWOD",61760,58.01,5.23,0.00
"05/21/2014 16:20:00","GENESE",61753,49.69,0.68,3.78
"05/21/2014 16:20:00","H Q",61844,51.09,-1.69,0.00
"05/21/2014 16:20:00","HUD VL",61758,57.96,5.18,0.00
"05/21/2014 16:20:00","LONGIL",61762,58.59,5.81,0.00
"05/21/2014 16:20:00","MHK VL",61756,53.89,1.11,0.00
"05/21/2014 16:20:00","MILLWD",61759,58.01,5.23,0.00
"05/21/2014 16:20:00","N.Y.C.",61761,58.32,5.54,0.00
"05/21/2014 16:20:00","NORTH",61755,49.62,-3.17,0.00
"05/21/2014 16:20:00","NPX",61845,55.90,3.11,0.00
"05/21/2014 16:20:00","O H",61846,33.21,-3.43,16.14
"05/21/2014 16:20:00","PJM",61847,50.11,2.06,4.73
"05/21/2014 16:20:00","WEST",61752,31.69,-2.75,18.35
"05/21/2014 16:25:00","CAPITL",61757,54.90,2.11,0.00
"05/21/2014 16:25:00","CENTRL",61754,56.07,1.26,-2.02
"05/21/2014 16:25:00","DUNWOD",61760,57.96,5.18,0.00
"05/21/2014 16:25:00","GENESE",61753,49.72,0.74,3.80
"05/21/2014 16:25:00","H Q",61844,51.04,-1.74,0.00
"05/21/2014 16:25:00","HUD VL",61758,57.96,5.18,0.00
"05/21/2014 16:25:00","LONGIL",61762,58.54,5.75,0.00
"05/21/2014 16:25:00","MHK VL",61756,53.89,1.11,0.00
"05/21/2014 16:25:00","MILLWD",61759,57.96,5.18,0.00
"05/21/2014 16:25:00","N.Y.C.",61761,58.27,5.49,0.00
"05/21/2014 16:25:00","NORTH",61755,49.56,-3.22,0.00
"05/21/2014 16:25:00","NPX",61845,55.90,3.11,0.00
"05/21/2014 16:25:00","O H",61846,33.28,-3.27,16.23
"05/21/2014 16:25:00","PJM",61847,50.20,2.16,4.75
"05/21/2014 16:25:00","WEST",61752,31.75,-2.59,18.45
"05/21/2014 16:30:00","CAPITL",61757,55.00,2.17,0.00
"05/21/2014 16:30:00","CENTRL",61754,56.07,1.22,-2.02
"05/21/2014 16:30:00","DUNWOD",61760,58.06,5.23,0.00
"05/21/2014 16:30:00","GENESE",61753,49.73,0.64,3.74
"05/21/2014 16:30:00","H Q",61844,51.14,-1.69,0.00
"05/21/2014 16:30:00","HUD VL",61758,58.01,5.18,0.00
"05/21/2014 16:30:00","LONGIL",61762,58.64,5.81,0.00
"05/21/2014 16:30:00","MHK VL",61756,53.89,1.06,0.00
"05/21/2014 16:30:00","MILLWD",61759,58.01,5.18,0.00
"05/21/2014 16:30:00","N.Y.C.",61761,58.38,5.55,0.00
"05/21/2014 16:30:00","NORTH",61755,49.66,-3.17,0.00
"05/21/2014 16:30:00","NPX",61845,55.95,3.12,0.00
"05/21/2014 16:30:00","O H",61846,33.32,-3.43,16.08
"05/21/2014 16:30:00","PJM",61847,50.24,2.12,4.71
"05/21/2014 16:30:00","WEST",61752,31.75,-2.75,18.33
"05/21/2014 16:35:00","CAPITL",61757,54.89,2.06,0.00
"05/21/2014 16:35:00","CENTRL",61754,56.38,1.48,-2.07
"05/21/2014 16:35:00","DUNWOD",61760,57.91,5.07,0.00
"05/21/2014 16:35:00","GENESE",61753,49.90,0.90,3.83
"05/21/2014 16:35:00","H Q",61844,51.09,-1.74,0.00
"05/21/2014 16:35:00","HUD VL",61758,57.91,5.07,0.00
"05/21/2014 16:35:00","LONGIL",61762,58.43,5.60,0.00
"05/21/2014 16:35:00","MHK VL",61756,53.94,1.11,0.00
"05/21/2014 16:35:00","MILLWD",61759,57.91,5.07,0.00
"05/21/2014 16:35:00","N.Y.C.",61761,58.17,5.33,0.00
"05/21/2014 16:35:00","NORTH",61755,49.56,-3.28,0.00
"05/21/2014 16:35:00","NPX",61845,55.84,3.01,0.00
"05/21/2014 16:35:00","O H",61846,33.49,-2.85,16.49
"05/21/2014 16:35:00","PJM",61847,50.39,2.38,4.83
"05/21/2014 16:35:00","WEST",61752,31.87,-2.17,18.80
"05/21/2014 16:40:00","CAPITL",61757,52.90,2.04,0.00
"05/21/2014 16:40:00","CENTRL",61754,53.37,1.22,-1.28
"05/21/2014 16:40:00","DUNWOD",61760,55.80,4.93,0.00
"05/21/2014 16:40:00","GENESE",61753,49.10,0.61,2.37
"05/21/2014 16:40:00","H Q",61844,49.23,-1.63,0.00
"05/21/2014 16:40:00","HUD VL",61758,55.80,4.93,0.00
"05/21/2014 16:40:00","LONGIL",61762,56.41,5.55,0.00
"05/21/2014 16:40:00","MHK VL",61756,51.88,1.02,0.00
"05/21/2014 16:40:00","MILLWD",61759,55.80,4.93,0.00
"05/21/2014 16:40:00","N.Y.C.",61761,56.10,5.24,0.00
"05/21/2014 16:40:00","NORTH",61755,47.86,-3.00,0.00
"05/21/2014 16:40:00","NPX",61845,53.81,2.95,0.00
"05/21/2014 16:40:00","O H",61846,37.36,-3.26,10.24
"05/21/2014 16:40:00","PJM",61847,49.90,2.04,3.00
"05/21/2014 16:40:00","WEST",61752,36.58,-2.65,11.64
"05/21/2014 16:45:00","CAPITL",61757,50.50,1.89,0.00
"05/21/2014 16:45:00","CENTRL",61754,51.05,1.36,-1.08
"05/21/2014 16:45:00","DUNWOD",61760,53.32,4.71,0.00
"05/21/2014 16:45:00","GENESE",61753,47.33,0.73,2.01
"05/21/2014 16:45:00","H Q",61844,47.00,-1.60,0.00
"05/21/2014 16:45:00","HUD VL",61758,53.32,4.71,0.00
"05/21/2014 16:45:00","LONGIL",61762,53.81,5.20,0.00
"05/21/2014 16:45:00","MHK VL",61756,49.63,1.02,0.00
"05/21/2014 16:45:00","MILLWD",61759,53.32,4.71,0.00
"05/21/2014 16:45:00","N.Y.C.",61761,53.61,5.01,0.00
"05/21/2014 16:45:00","NORTH",61755,45.59,-3.01,0.00
"05/21/2014 16:45:00","NPX",61845,51.42,2.82,0.00
"05/21/2014 16:45:00","O H",61846,37.13,-2.82,8.66
"05/21/2014 16:45:00","PJM",61847,48.21,2.14,2.53
"05/21/2014 16:45:00","WEST",61752,36.58,-2.19,9.84
"05/21/2014 16:50:00","CAPITL",61757,50.12,1.93,0.00
"05/21/2014 16:50:00","CENTRL",61754,50.42,1.21,-1.02
"05/21/2014 16:50:00","DUNWOD",61760,52.87,4.67,0.00
"05/21/2014 16:50:00","GENESE",61753,46.88,0.58,1.89
"05/21/2014 16:50:00","H Q",61844,46.65,-1.54,0.00
"05/21/2014 16:50:00","HUD VL",61758,52.87,4.67,0.00
"05/21/2014 16:50:00","LONGIL",61762,53.40,5.21,0.00
"05/21/2014 16:50:00","MHK VL",61756,49.21,1.01,0.00
"05/21/2014 16:50:00","MILLWD",61759,52.87,4.67,0.00
"05/21/2014 16:50:00","N.Y.C.",61761,53.16,4.97,0.00
"05/21/2014 16:50:00","NORTH",61755,45.30,-2.89,0.00
"05/21/2014 16:50:00","NPX",61845,50.99,2.79,0.00
"05/21/2014 16:50:00","O H",61846,37.00,-3.03,8.16
"05/21/2014 16:50:00","PJM",61847,47.78,1.98,2.39
"05/21/2014 16:50:00","WEST",61752,36.46,-2.46,9.27
"05/21/2014 16:55:00","CAPITL",61757,47.67,1.84,0.00
"05/21/2014 16:55:00","CENTRL",61754,47.76,1.15,-0.78
"05/21/2014 16:55:00","DUNWOD",61760,50.28,4.44,0.00
"05/21/2014 16:55:00","GENESE",61753,44.94,0.55,1.44
"05/21/2014 16:55:00","H Q",61844,44.36,-1.47,0.00
"05/21/2014 16:55:00","HUD VL",61758,50.28,4.44,0.00
"05/21/2014 16:55:00","LONGIL",61762,50.69,4.86,0.00
"05/21/2014 16:55:00","MHK VL",61756,46.80,0.96,0.00
"05/21/2014 16:55:00","MILLWD",61759,50.28,4.44,0.00
"05/21/2014 16:55:00","N.Y.C.",61761,50.55,4.72,0.00
"05/21/2014 16:55:00","NORTH",61755,43.08,-2.75,0.00
"05/21/2014 16:55:00","NPX",61845,48.49,2.66,0.00
"05/21/2014 16:55:00","O H",61846,36.66,-2.93,6.24
"05/21/2014 16:55:00","PJM",61847,45.84,1.84,1.82
"05/21/2014 16:55:00","WEST",61752,36.41,-2.34,7.09
"05/21/2014 17:00:00","CAPITL",61757,50.95,1.77,0.00
"05/21/2014 17:00:00","CENTRL",61754,51.03,1.28,-0.57
"05/21/2014 17:00:00","DUNWOD",61760,53.75,4.57,0.00
"05/21/2014 17:00:00","GENESE",61753,48.76,0.64,1.06
"05/21/2014 17:00:00","H Q",61844,47.71,-1.47,0.00
"05/21/2014 17:00:00","HUD VL",61758,53.75,4.57,0.00
"05/21/2014 17:00:00","LONGIL",61762,54.14,4.97,0.00
"05/21/2014 17:00:00","MHK VL",61756,50.21,1.03,0.00
"05/21/2014 17:00:00","MILLWD",61759,53.70,4.52,0.00
"05/21/2014 17:00:00","N.Y.C.",61761,54.00,4.82,0.00
"05/21/2014 17:00:00","NORTH",61755,46.43,-2.75,0.00
"05/21/2014 17:00:00","NPX",61845,51.78,2.60,0.00
"05/21/2014 17:00:00","O H",61846,41.50,-3.10,4.58
"05/21/2014 17:00:00","PJM",61847,49.76,1.92,1.34
"05/21/2014 17:00:00","WEST",61752,41.47,-2.51,5.20
"05/21/2014 17:05:00","CAPITL",61757,168.43,5.22,0.00
"05/21/2014 17:05:00","CENTRL",61754,167.29,4.08,0.00
"05/21/2014 17:05:00","DUNWOD",61760,177.57,14.37,0.00
"05/21/2014 17:05:00","GENESE",61753,165.17,1.97,0.00
"05/21/2014 17:05:00","H Q",61844,158.81,-4.40,0.00
"05/21/2014 17:05:00","HUD VL",61758,177.72,14.52,0.00
"05/21/2014 17:05:00","LONGIL",61762,178.54,15.34,0.00
"05/21/2014 17:05:00","MHK VL",61756,166.47,3.26,0.00
"05/21/2014 17:05:00","MILLWD",61759,177.57,14.37,0.00
"05/21/2014 17:05:00","N.Y.C.",61761,178.39,15.18,0.00
"05/21/2014 17:05:00","NORTH",61755,154.89,-8.32,0.00
"05/21/2014 17:05:00","NPX",61845,171.04,7.83,0.00
"05/21/2014 17:05:00","O H",61846,153.08,-10.12,0.01
"05/21/2014 17:05:00","PJM",61847,169.24,6.04,0.00
"05/21/2014 17:05:00","WEST",61752,155.04,-8.16,0.01
"05/21/2014 17:10:00","CAPITL",61757,120.11,3.83,0.00
"05/21/2014 17:10:00","CENTRL",61754,120.50,3.37,-0.84
"05/21/2014 17:10:00","DUNWOD",61760,126.62,10.35,0.00
"05/21/2014 17:10:00","GENESE",61753,116.46,1.75,1.56
"05/21/2014 17:10:00","H Q",61844,112.90,-3.38,0.00
"05/21/2014 17:10:00","HUD VL",61758,126.75,10.47,0.00
"05/21/2014 17:10:00","LONGIL",61762,127.09,10.82,0.00
"05/21/2014 17:10:00","MHK VL",61756,118.72,2.45,0.00
"05/21/2014 17:10:00","MILLWD",61759,126.62,10.35,0.00
"05/21/2014 17:10:00","N.Y.C.",61761,127.20,10.93,0.00
"05/21/2014 17:10:00","NORTH",61755,109.77,-6.51,0.00
"05/21/2014 17:10:00","NPX",61845,121.97,5.70,0.00
"05/21/2014 17:10:00","O H",61846,103.14,-6.40,6.74
"05/21/2014 17:10:00","PJM",61847,119.19,4.88,1.97
"05/21/2014 17:10:00","WEST",61752,103.62,-5.00,7.66
"05/21/2014 17:15:00","CAPITL",61757,143.03,4.83,0.00
"05/21/2014 17:15:00","CENTRL",61754,144.96,3.73,-3.03
"05/21/2014 17:15:00","DUNWOD",61760,150.77,12.57,0.00
"05/21/2014 17:15:00","GENESE",61753,134.58,1.93,5.55
"05/21/2014 17:15:00","H Q",61844,134.06,-4.14,0.00
"05/21/2014 17:15:00","HUD VL",61758,150.90,12.71,0.00
"05/21/2014 17:15:00","LONGIL",61762,150.37,13.14,0.97
"05/21/2014 17:15:00","MHK VL",61756,141.23,3.04,0.00
"05/21/2014 17:15:00","MILLWD",61759,150.77,12.57,0.00
"05/21/2014 17:15:00","N.Y.C.",61761,151.47,13.27,0.00
"05/21/2014 17:15:00","NORTH",61755,130.18,-8.02,0.00
"05/21/2014 17:15:00","NPX",61845,145.24,7.04,0.00
"05/21/2014 17:15:00","O H",61846,106.11,-8.02,24.07
"05/21/2014 17:15:00","PJM",61847,136.82,5.67,7.04
"05/21/2014 17:15:00","WEST",61752,104.35,-6.49,27.35
"05/21/2014 17:20:00","CAPITL",61757,156.75,5.44,0.00
"05/21/2014 17:20:00","CENTRL",61754,155.98,3.63,-1.04
"05/21/2014 17:20:00","DUNWOD",61760,165.23,13.91,0.00
"05/21/2014 17:20:00","GENESE",61753,151.08,1.67,1.90
"05/21/2014 17:20:00","H Q",61844,146.92,-4.39,0.00
"05/21/2014 17:20:00","HUD VL",61758,165.23,13.91,0.00
"05/21/2014 17:20:00","LONGIL",61762,165.59,14.67,0.39
"05/21/2014 17:20:00","MHK VL",61756,154.50,3.18,0.00
"05/21/2014 17:20:00","MILLWD",61759,165.23,13.91,0.00
"05/21/2014 17:20:00","N.Y.C.",61761,165.99,14.67,0.00
"05/21/2014 17:20:00","NORTH",61755,142.70,-8.62,0.00
"05/21/2014 17:20:00","NPX",61845,159.33,8.01,0.00
"05/21/2014 17:20:00","O H",61846,133.38,-9.69,8.25
"05/21/2014 17:20:00","PJM",61847,154.65,5.75,2.41
"05/21/2014 17:20:00","WEST",61752,134.07,-7.87,9.37
"05/21/2014 17:25:00","CAPITL",61757,184.13,6.39,0.00
"05/21/2014 17:25:00","CENTRL",61754,181.83,4.09,0.00
"05/21/2014 17:25:00","DUNWOD",61760,194.08,16.34,0.00
"05/21/2014 17:25:00","GENESE",61753,179.88,2.14,0.00
"05/21/2014 17:25:00","H Q",61844,172.58,-5.16,0.00
"05/21/2014 17:25:00","HUD VL",61758,194.27,16.53,0.00
"05/21/2014 17:25:00","LONGIL",61762,194.80,17.06,0.01
"05/21/2014 17:25:00","MHK VL",61756,181.48,3.74,0.00
"05/21/2014 17:25:00","MILLWD",61759,194.27,16.53,0.00
"05/21/2014 17:25:00","N.Y.C.",61761,194.97,17.24,0.00
"05/21/2014 17:25:00","NORTH",61755,167.61,-10.12,0.00
"05/21/2014 17:25:00","NPX",61845,187.15,9.41,0.00
"05/21/2014 17:25:00","O H",61846,166.55,-11.19,0.00
"05/21/2014 17:25:00","PJM",61847,184.49,6.75,0.00
"05/21/2014 17:25:00","WEST",61752,168.68,-9.06,0.00
"05/21/2014 17:30:00","CAPITL",61757,119.78,4.16,0.00
"05/21/2014 17:30:00","CENTRL",61754,118.69,2.89,-0.17
"05/21/2014 17:30:00","DUNWOD",61760,126.25,10.63,0.00
"05/21/2014 17:30:00","GENESE",61753,116.69,1.39,0.32
"05/21/2014 17:30:00","H Q",61844,112.16,-3.47,0.00
"05/21/2014 17:30:00","HUD VL",61758,126.38,10.75,0.00
"05/21/2014 17:30:00","LONGIL",61762,126.83,11.21,0.00
"05/21/2014 17:30:00","MHK VL",61756,118.05,2.43,0.00
"05/21/2014 17:30:00","MILLWD",61759,126.38,10.75,0.00
"05/21/2014 17:30:00","N.Y.C.",61761,126.83,11.21,0.00
"05/21/2014 17:30:00","NORTH",61755,108.80,-6.82,0.00
"05/21/2014 17:30:00","NPX",61845,121.63,6.01,0.00
"05/21/2014 17:30:00","O H",61846,107.07,-7.17,1.39
"05/21/2014 17:30:00","PJM",61847,119.72,4.50,0.41
"05/21/2014 17:30:00","WEST",61752,108.15,-5.89,1.58
"05/21/2014 17:35:00","CAPITL",61757,59.77,2.07,0.00
"05/21/2014 17:35:00","CENTRL",61754,60.84,1.50,-1.64
"05/21/2014 17:35:00","DUNWOD",61760,63.01,5.31,0.00
"05/21/2014 17:35:00","GENESE",61753,55.45,0.75,3.00
"05/21/2014 17:35:00","H Q",61844,55.97,-1.73,0.00
"05/21/2014 17:35:00","HUD VL",61758,63.07,5.37,0.00
"05/21/2014 17:35:00","LONGIL",61762,63.41,5.71,0.00
"05/21/2014 17:35:00","MHK VL",61756,58.85,1.15,0.00
"05/21/2014 17:35:00","MILLWD",61759,63.07,5.37,0.00
"05/21/2014 17:35:00","N.Y.C.",61761,63.36,5.66,0.00
"05/21/2014 17:35:00","NORTH",61755,54.30,-3.40,0.00
"05/21/2014 17:35:00","NPX",61845,60.70,3.00,0.00
"05/21/2014 17:35:00","O H",61846,41.22,-3.46,13.02
"05/21/2014 17:35:00","PJM",61847,56.26,2.37,3.81
"05/21/2014 17:35:00","WEST",61752,40.08,-2.83,14.80
"05/21/2014 17:40:00","CAPITL",61757,54.95,1.86,0.00
"05/21/2014 17:40:00","CENTRL",61754,55.61,1.33,-1.19
"05/21/2014 17:40:00","DUNWOD",61760,58.03,4.94,0.00
"05/21/2014 17:40:00","GENESE",61753,51.59,0.69,2.19
"05/21/2014 17:40:00","H Q",61844,51.50,-1.59,0.00
"05/21/2014 17:40:00","HUD VL",61758,58.08,4.99,0.00
"05/21/2014 17:40:00","LONGIL",61762,58.51,5.42,0.00
"05/21/2014 17:40:00","MHK VL",61756,54.15,1.06,0.00
"05/21/2014 17:40:00","MILLWD",61759,58.03,4.94,0.00
"05/21/2014 17:40:00","N.Y.C.",61761,58.30,5.21,0.00
"05/21/2014 17:40:00","NORTH",61755,49.96,-3.13,0.00
"05/21/2014 17:40:00","NPX",61845,55.85,2.76,0.00
"05/21/2014 17:40:00","O H",61846,40.38,-3.24,9.48
"05/21/2014 17:40:00","PJM",61847,52.50,2.18,2.77
"05/21/2014 17:40:00","WEST",61752,39.72,-2.60,10.77
"05/21/2014 17:45:00","CAPITL",61757,52.95,1.84,0.00
"05/21/2014 17:45:00","CENTRL",61754,53.17,1.28,-0.78
"05/21/2014 17:45:00","DUNWOD",61760,55.91,4.80,0.00
"05/21/2014 17:45:00","GENESE",61753,50.29,0.62,1.43
"05/21/2014 17:45:00","H Q",61844,49.58,-1.53,0.00
"05/21/2014 17:45:00","HUD VL",61758,55.91,4.80,0.00
"05/21/2014 17:45:00","LONGIL",61762,56.37,5.27,0.00
"05/21/2014 17:45:00","MHK VL",61756,52.13,1.02,0.00
"05/21/2014 17:45:00","MILLWD",61759,55.91,4.80,0.00
"05/21/2014 17:45:00","N.Y.C.",61761,56.17,5.06,0.00
"05/21/2014 17:45:00","NORTH",61755,47.99,-3.12,0.00
"05/21/2014 17:45:00","NPX",61845,53.81,2.71,0.00
"05/21/2014 17:45:00","O H",61846,41.74,-3.17,6.20
"05/21/2014 17:45:00","PJM",61847,51.39,2.10,1.82
"05/21/2014 17:45:00","WEST",61752,41.50,-2.55,7.05
"05/21/2014 17:50:00","CAPITL",61757,52.90,1.79,0.00
"05/21/2014 17:50:00","CENTRL",61754,53.22,1.33,-0.79
"05/21/2014 17:50:00","DUNWOD",61760,55.86,4.75,0.00
"05/21/2014 17:50:00","GENESE",61753,50.33,0.66,1.44
"05/21/2014 17:50:00","H Q",61844,49.58,-1.53,0.00
"05/21/2014 17:50:00","HUD VL",61758,55.86,4.75,0.00
"05/21/2014 17:50:00","LONGIL",61762,56.32,5.22,0.00
"05/21/2014 17:50:00","MHK VL",61756,52.13,1.02,0.00
"05/21/2014 17:50:00","MILLWD",61759,55.86,4.75,0.00
"05/21/2014 17:50:00","N.Y.C.",61761,56.12,5.01,0.00
"05/21/2014 17:50:00","NORTH",61755,47.99,-3.12,0.00
"05/21/2014 17:50:00","NPX",61845,53.76,2.66,0.00
"05/21/2014 17:50:00","O H",61846,41.80,-3.07,6.25
"05/21/2014 17:50:00","PJM",61847,51.38,2.10,1.83
"05/21/2014 17:50:00","WEST",61752,41.56,-2.45,7.10
"05/21/2014 17:55:00","CAPITL",61757,52.95,1.84,0.00
"05/21/2014 17:55:00","CENTRL",61754,53.11,1.22,-0.77
"05/21/2014 17:55:00","DUNWOD",61760,55.91,4.80,0.00
"05/21/2014 17:55:00","GENESE",61753,50.30,0.62,1.42
"05/21/2014 17:55:00","H Q",61844,49.58,-1.53,0.00
"05/21/2014 17:55:00","HUD VL",61758,55.91,4.80,0.00
"05/21/2014 17:55:00","LONGIL",61762,56.42,5.32,0.00
"05/21/2014 17:55:00","MHK VL",61756,52.13,1.02,0.00
"05/21/2014 17:55:00","MILLWD",61759,55.91,4.80,0.00
"05/21/2014 17:55:00","N.Y.C.",61761,56.17,5.06,0.00
"05/21/2014 17:55:00","NORTH",61755,48.04,-3.07,0.00
"05/21/2014 17:55:00","NPX",61845,53.81,2.71,0.00
"05/21/2014 17:55:00","O H",61846,41.73,-3.22,6.16
"05/21/2014 17:55:00","PJM",61847,51.35,2.05,1.80
"05/21/2014 17:55:00","WEST",61752,41.50,-2.60,7.00
"05/21/2014 18:00:00","CAPITL",61757,54.49,1.95,0.00
"05/21/2014 18:00:00","CENTRL",61754,55.15,1.15,-1.45
"05/21/2014 18:00:00","DUNWOD",61760,57.48,4.94,0.00
"05/21/2014 18:00:00","GENESE",61753,50.41,0.53,2.66
"05/21/2014 18:00:00","H Q",61844,50.97,-1.57,0.00
"05/21/2014 18:00:00","HUD VL",61758,57.48,4.94,0.00
"05/21/2014 18:00:00","LONGIL",61762,58.22,5.68,0.00
"05/21/2014 18:00:00","MHK VL",61756,53.60,1.05,0.00
"05/21/2014 18:00:00","MILLWD",61759,57.48,4.94,0.00
"05/21/2014 18:00:00","N.Y.C.",61761,57.75,5.20,0.00
"05/21/2014 18:00:00","NORTH",61755,49.39,-3.15,0.00
"05/21/2014 18:00:00","NPX",61845,55.43,2.89,0.00
"05/21/2014 18:00:00","O H",61846,37.54,-3.47,11.54
"05/21/2014 18:00:00","PJM",61847,51.11,1.95,3.38
"05/21/2014 18:00:00","WEST",61752,36.60,-2.84,13.11
"05/21/2014 18:05:00","CAPITL",61757,51.05,1.91,0.00
"05/21/2014 18:05:00","CENTRL",61754,51.16,0.93,-1.09
"05/21/2014 18:05:00","DUNWOD",61760,53.75,4.62,0.00
"05/21/2014 18:05:00","GENESE",61753,47.52,0.39,2.01
"05/21/2014 18:05:00","H Q",61844,47.66,-1.47,0.00
"05/21/2014 18:05:00","HUD VL",61758,53.75,4.62,0.00
"05/21/2014 18:05:00","LONGIL",61762,54.49,5.36,0.00
"05/21/2014 18:05:00","MHK VL",61756,50.06,0.93,0.00
"05/21/2014 18:05:00","MILLWD",61759,53.80,4.67,0.00
"05/21/2014 18:05:00","N.Y.C.",61761,54.00,4.87,0.00
"05/21/2014 18:05:00","NORTH",61755,46.23,-2.90,0.00
"05/21/2014 18:05:00","NPX",61845,51.93,2.80,0.00
"05/21/2014 18:05:00","O H",61846,36.95,-3.49,8.70
"05/21/2014 18:05:00","PJM",61847,48.26,1.67,2.54
"05/21/2014 18:05:00","WEST",61752,36.35,-2.90,9.88
"05/21/2014 18:10:00","CAPITL",61757,46.04,1.73,0.00
"05/21/2014 18:10:00","CENTRL",61754,45.76,0.84,-0.60
"05/21/2014 18:10:00","DUNWOD",61760,48.48,4.16,0.00
"05/21/2014 18:10:00","GENESE",61753,43.52,0.31,1.11
"05/21/2014 18:10:00","H Q",61844,42.99,-1.33,0.00
"05/21/2014 18:10:00","HUD VL",61758,48.48,4.16,0.00
"05/21/2014 18:10:00","LONGIL",61762,49.19,4.87,0.00
"05/21/2014 18:10:00","MHK VL",61756,45.16,0.84,0.00
"05/21/2014 18:10:00","MILLWD",61759,48.48,4.16,0.00
"05/21/2014 18:10:00","N.Y.C.",61761,48.66,4.35,0.00
"05/21/2014 18:10:00","NORTH",61755,41.70,-2.61,0.00
"05/21/2014 18:10:00","NPX",61845,46.84,2.52,0.00
"05/21/2014 18:10:00","O H",61846,36.28,-3.23,4.80
"05/21/2014 18:10:00","PJM",61847,44.37,1.46,1.40
"05/21/2014 18:10:00","WEST",61752,36.20,-2.66,5.45
"05/21/2014 18:15:00","CAPITL",61757,48.59,1.78,0.00
"05/21/2014 18:15:00","CENTRL",61754,48.77,1.08,-0.88
"05/21/2014 18:15:00","DUNWOD",61760,51.12,4.30,0.00
"05/21/2014 18:15:00","GENESE",61753,45.67,0.47,1.62
"05/21/2014 18:15:00","H Q",61844,45.41,-1.40,0.00
"05/21/2014 18:15:00","HUD VL",61758,51.17,4.35,0.00
"05/21/2014 18:15:00","LONGIL",61762,51.92,5.10,0.00
"05/21/2014 18:15:00","MHK VL",61756,47.75,0.94,0.00
"05/21/2014 18:15:00","MILLWD",61759,51.17,4.35,0.00
"05/21/2014 18:15:00","N.Y.C.",61761,51.35,4.54,0.00
"05/21/2014 18:15:00","NORTH",61755,43.96,-2.86,0.00
"05/21/2014 18:15:00","NPX",61845,49.43,2.62,0.00
"05/21/2014 18:15:00","O H",61846,36.75,-3.09,6.98
"05/21/2014 18:15:00","PJM",61847,46.46,1.68,2.04
"05/21/2014 18:15:00","WEST",61752,36.36,-2.53,7.93
"05/21/2014 18:20:00","CAPITL",61757,50.34,1.84,0.00
"05/21/2014 18:20:00","CENTRL",61754,50.77,1.21,-1.06
"05/21/2014 18:20:00","DUNWOD",61760,52.96,4.46,0.00
"05/21/2014 18:20:00","GENESE",61753,47.09,0.53,1.95
"05/21/2014 18:20:00","H Q",61844,47.00,-1.50,0.00
"05/21/2014 18:20:00","HUD VL",61758,53.01,4.51,0.00
"05/21/2014 18:20:00","LONGIL",61762,53.74,5.24,0.00
"05/21/2014 18:20:00","MHK VL",61756,49.47,0.97,0.00
"05/21/2014 18:20:00","MILLWD",61759,53.01,4.51,0.00
"05/21/2014 18:20:00","N.Y.C.",61761,53.21,4.70,0.00
"05/21/2014 18:20:00","NORTH",61755,45.49,-3.01,0.00
"05/21/2014 18:20:00","NPX",61845,51.17,2.67,0.00
"05/21/2014 18:20:00","O H",61846,37.04,-3.05,8.41
"05/21/2014 18:20:00","PJM",61847,47.89,1.84,2.46
"05/21/2014 18:20:00","WEST",61752,36.48,-2.47,9.55
"05/21/2014 18:25:00","CAPITL",61757,50.39,1.80,0.00
"05/21/2014 18:25:00","CENTRL",61754,51.48,1.26,-1.62
"05/21/2014 18:25:00","DUNWOD",61760,53.01,4.42,0.00
"05/21/2014 18:25:00","GENESE",61753,46.19,0.59,2.98
"05/21/2014 18:25:00","H Q",61844,47.09,-1.51,0.00
"05/21/2014 18:25:00","HUD VL",61758,53.06,4.47,0.00
"05/21/2014 18:25:00","LONGIL",61762,53.74,5.15,0.00
"05/21/2014 18:25:00","MHK VL",61756,49.56,0.97,0.00
"05/21/2014 18:25:00","MILLWD",61759,53.06,4.47,0.00
"05/21/2014 18:25:00","N.Y.C.",61761,53.21,4.62,0.00
"05/21/2014 18:25:00","NORTH",61755,45.58,-3.01,0.00
"05/21/2014 18:25:00","NPX",61845,51.26,2.67,0.00
"05/21/2014 18:25:00","O H",61846,32.74,-2.97,12.88
"05/21/2014 18:25:00","PJM",61847,46.72,1.89,3.77
"05/21/2014 18:25:00","WEST",61752,31.57,-2.38,14.64
"05/21/2014 18:30:00","CAPITL",61757,50.00,1.83,0.00
"05/21/2014 18:30:00","CENTRL",61754,50.34,1.15,-1.02
"05/21/2014 18:30:00","DUNWOD",61760,52.60,4.43,0.00
"05/21/2014 18:30:00","GENESE",61753,46.78,0.48,1.87
"05/21/2014 18:30:00","H Q",61844,46.73,-1.44,0.00
"05/21/2014 18:30:00","HUD VL",61758,52.60,4.43,0.00
"05/21/2014 18:30:00","LONGIL",61762,53.33,5.16,0.00
"05/21/2014 18:30:00","MHK VL",61756,49.13,0.96,0.00
"05/21/2014 18:30:00","MILLWD",61759,52.60,4.43,0.00
"05/21/2014 18:30:00","N.Y.C.",61761,52.79,4.62,0.00
"05/21/2014 18:30:00","NORTH",61755,45.23,-2.94,0.00
"05/21/2014 18:30:00","NPX",61845,50.82,2.65,0.00
"05/21/2014 18:30:00","O H",61846,36.99,-3.08,8.10
"05/21/2014 18:30:00","PJM",61847,47.58,1.78,2.37
"05/21/2014 18:30:00","WEST",61752,36.46,-2.51,9.20
"05/21/2014 18:35:00","CAPITL",61757,50.39,1.80,0.00
"05/21/2014 18:35:00","CENTRL",61754,51.42,1.22,-1.61
"05/21/2014 18:35:00","DUNWOD",61760,53.01,4.42,0.00
"05/21/2014 18:35:00","GENESE",61753,46.16,0.54,2.96
"05/21/2014 18:35:00","H Q",61844,47.14,-1.46,0.00
"05/21/2014 18:35:00","HUD VL",61758,53.06,4.47,0.00
"05/21/2014 18:35:00","LONGIL",61762,53.69,5.10,0.00
"05/21/2014 18:35:00","MHK VL",61756,49.61,1.02,0.00
"05/21/2014 18:35:00","MILLWD",61759,53.01,4.42,0.00
"05/21/2014 18:35:00","N.Y.C.",61761,53.21,4.62,0.00
"05/21/2014 18:35:00","NORTH",61755,45.68,-2.91,0.00
"05/21/2014 18:35:00","NPX",61845,51.26,2.67,0.00
"05/21/2014 18:35:00","O H",61846,32.73,-3.06,12.80
"05/21/2014 18:35:00","PJM",61847,46.69,1.85,3.75
"05/21/2014 18:35:00","WEST",61752,31.57,-2.48,14.55
"05/21/2014 18:40:00","CAPITL",61757,47.83,1.71,0.00
"05/21/2014 18:40:00","CENTRL",61754,48.21,1.25,-0.84
"05/21/2014 18:40:00","DUNWOD",61760,50.28,4.15,0.00
"05/21/2014 18:40:00","GENESE",61753,45.15,0.56,1.53
"05/21/2014 18:40:00","H Q",61844,44.69,-1.43,0.00
"05/21/2014 18:40:00","HUD VL",61758,50.32,4.20,0.00
"05/21/2014 18:40:00","LONGIL",61762,50.97,4.84,0.00
"05/21/2014 18:40:00","MHK VL",61756,47.10,0.97,0.00
"05/21/2014 18:40:00","MILLWD",61759,50.32,4.20,0.00
"05/21/2014 18:40:00","N.Y.C.",61761,50.46,4.33,0.00
"05/21/2014 18:40:00","NORTH",61755,43.27,-2.86,0.00
"05/21/2014 18:40:00","NPX",61845,48.61,2.49,0.00
"05/21/2014 18:40:00","O H",61846,36.73,-2.77,6.63
"05/21/2014 18:40:00","PJM",61847,45.98,1.80,1.94
"05/21/2014 18:40:00","WEST",61752,36.38,-2.21,7.53
"05/21/2014 18:45:00","CAPITL",61757,53.00,1.94,0.00
"05/21/2014 18:45:00","CENTRL",61754,54.14,1.22,-1.86
"05/21/2014 18:45:00","DUNWOD",61760,55.66,4.60,0.00
"05/21/2014 18:45:00","GENESE",61753,48.16,0.51,3.41
"05/21/2014 18:45:00","H Q",61844,49.53,-1.53,0.00
"05/21/2014 18:45:00","HUD VL",61758,55.75,4.69,0.00
"05/21/2014 18:45:00","LONGIL",61762,56.37,5.31,0.00
"05/21/2014 18:45:00","MHK VL",61756,52.08,1.02,0.00
"05/21/2014 18:45:00","MILLWD",61759,55.71,4.65,0.00
"05/21/2014 18:45:00","N.Y.C.",61761,55.86,4.80,0.00
"05/21/2014 18:45:00","NORTH",61755,48.00,-3.06,0.00
"05/21/2014 18:45:00","NPX",61845,53.87,2.81,0.00
"05/21/2014 18:45:00","O H",61846,33.02,-3.32,14.72
"05/21/2014 18:45:00","PJM",61847,48.59,1.84,4.31
"05/21/2014 18:45:00","WEST",61752,31.62,-2.71,16.73
"05/21/2014 18:50:00","CAPITL",61757,51.19,1.83,0.00
"05/21/2014 18:50:00","CENTRL",61754,51.67,1.18,-1.12
"05/21/2014 18:50:00","DUNWOD",61760,53.81,4.44,0.00
"05/21/2014 18:50:00","GENESE",61753,47.79,0.49,2.06
"05/21/2014 18:50:00","H Q",61844,47.88,-1.48,0.00
"05/21/2014 18:50:00","HUD VL",61758,53.85,4.49,0.00
"05/21/2014 18:50:00","LONGIL",61762,54.50,5.13,0.00
"05/21/2014 18:50:00","MHK VL",61756,50.35,0.99,0.00
"05/21/2014 18:50:00","MILLWD",61759,53.85,4.49,0.00
"05/21/2014 18:50:00","N.Y.C.",61761,54.00,4.64,0.00
"05/21/2014 18:50:00","NORTH",61755,46.40,-2.96,0.00
"05/21/2014 18:50:00","NPX",61845,52.03,2.66,0.00
"05/21/2014 18:50:00","O H",61846,37.19,-3.26,8.92
"05/21/2014 18:50:00","PJM",61847,48.48,1.73,2.61
"05/21/2014 18:50:00","WEST",61752,36.56,-2.67,10.13
"05/21/2014 18:55:00","CAPITL",61757,52.95,1.89,0.00
"05/21/2014 18:55:00","CENTRL",61754,54.20,1.28,-1.87
"05/21/2014 18:55:00","DUNWOD",61760,55.60,4.54,0.00
"05/21/2014 18:55:00","GENESE",61753,48.19,0.56,3.43
"05/21/2014 18:55:00","H Q",61844,49.53,-1.53,0.00
"05/21/2014 18:55:00","HUD VL",61758,55.71,4.65,0.00
"05/21/2014 18:55:00","LONGIL",61762,56.32,5.26,0.00
"05/21/2014 18:55:00","MHK VL",61756,52.13,1.07,0.00
"05/21/2014 18:55:00","MILLWD",61759,55.66,4.60,0.00
"05/21/2014 18:55:00","N.Y.C.",61761,55.81,4.75,0.00
"05/21/2014 18:55:00","NORTH",61755,47.94,-3.12,0.00
"05/21/2014 18:55:00","NPX",61845,53.82,2.76,0.00
"05/21/2014 18:55:00","O H",61846,33.08,-3.17,14.81
"05/21/2014 18:55:00","PJM",61847,48.62,1.89,4.34
"05/21/2014 18:55:00","WEST",61752,31.62,-2.60,16.84
"05/21/2014 18:55:23","CAPITL",61757,49.95,1.83,0.00
"05/21/2014 18:55:23","CENTRL",61754,50.79,1.11,-1.56
"05/21/2014 18:55:23","DUNWOD",61760,52.46,4.33,0.00
"05/21/2014 18:55:23","GENESE",61753,45.70,0.43,2.86
"05/21/2014 18:55:23","H Q",61844,46.68,-1.44,0.00
"05/21/2014 18:55:23","HUD VL",61758,52.50,4.38,0.00
"05/21/2014 18:55:23","LONGIL",61762,52.94,4.81,0.00
"05/21/2014 18:55:23","MHK VL",61756,49.09,0.96,0.00
"05/21/2014 18:55:23","MILLWD",61759,52.50,4.38,0.00
"05/21/2014 18:55:23","N.Y.C.",61761,52.60,4.48,0.00
"05/21/2014 18:55:23","NORTH",61755,45.19,-2.94,0.00
"05/21/2014 18:55:23","NPX",61845,50.77,2.65,0.00
"05/21/2014 18:55:23","O H",61846,32.60,-3.18,12.34
"05/21/2014 18:55:23","PJM",61847,46.15,1.64,3.61
"05/21/2014 18:55:23","WEST",61752,31.50,-2.60,14.03
"05/21/2014 18:57:11","CAPITL",61757,87.16,3.11,0.00
"05/21/2014 18:57:11","CENTRL",61754,91.42,2.18,-5.19
"05/21/2014 18:57:11","DUNWOD",61760,91.69,7.65,0.00
"05/21/2014 18:57:11","GENESE",61753,75.43,0.93,9.54
"05/21/2014 18:57:11","H Q",61844,81.44,-2.61,0.00
"05/21/2014 18:57:11","HUD VL",61758,91.77,7.73,0.00
"05/21/2014 18:57:11","LONGIL",61762,92.78,8.74,0.00
"05/21/2014 18:57:11","MHK VL",61756,85.81,1.77,0.00
"05/21/2014 18:57:11","MILLWD",61759,91.77,7.73,0.00
"05/21/2014 18:57:11","N.Y.C.",61761,91.94,7.90,0.00
"05/21/2014 18:57:11","NORTH",61755,78.83,-5.21,0.00
"05/21/2014 18:57:11","NPX",61845,88.66,4.62,0.00
"05/21/2014 18:57:11","O H",61846,37.70,-5.13,41.21
"05/21/2014 18:57:11","PJM",61847,75.26,3.27,12.06
"05/21/2014 18:57:11","WEST",61752,33.09,-4.12,46.84
"05/21/2014 19:00:00","CAPITL",61757,53.73,1.97,0.00
"05/21/2014 19:00:00","CENTRL",61754,55.15,1.24,-2.14
"05/21/2014 19:00:00","DUNWOD",61760,56.47,4.71,0.00
"05/21/2014 19:00:00","GENESE",61753,48.34,0.52,3.94
"05/21/2014 19:00:00","H Q",61844,50.16,-1.61,0.00
"05/21/2014 19:00:00","HUD VL",61758,56.52,4.76,0.00
"05/21/2014 19:00:00","LONGIL",61762,56.89,5.13,0.00
"05/21/2014 19:00:00","MHK VL",61756,52.80,1.03,0.00
"05/21/2014 19:00:00","MILLWD",61759,56.52,4.76,0.00
"05/21/2014 19:00:00","N.Y.C.",61761,56.68,4.92,0.00
"05/21/2014 19:00:00","NORTH",61755,48.60,-3.16,0.00
"05/21/2014 19:00:00","NPX",61845,54.66,2.90,0.00
"05/21/2014 19:00:00","O H",61846,31.44,-3.31,17.01
"05/21/2014 19:00:00","PJM",61847,48.70,1.92,4.98
"05/21/2014 19:00:00","WEST",61752,29.73,-2.69,19.33
"05/21/2014 19:05:00","CAPITL",61757,53.73,1.97,0.00
"05/21/2014 19:05:00","CENTRL",61754,55.15,1.24,-2.14
"05/21/2014 19:05:00","DUNWOD",61760,56.47,4.71,0.00
"05/21/2014 19:05:00","GENESE",61753,48.34,0.52,3.94
"05/21/2014 19:05:00","H Q",61844,50.16,-1.61,0.00
"05/21/2014 19:05:00","HUD VL",61758,56.52,4.76,0.00
"05/21/2014 19:05:00","LONGIL",61762,56.89,5.13,0.00
"05/21/2014 19:05:00","MHK VL",61756,52.80,1.03,0.00
"05/21/2014 19:05:00","MILLWD",61759,56.52,4.76,0.00
"05/21/2014 19:05:00","N.Y.C.",61761,56.68,4.92,0.00
"05/21/2014 19:05:00","NORTH",61755,48.60,-3.16,0.00
"05/21/2014 19:05:00","NPX",61845,54.66,2.90,0.00
"05/21/2014 19:05:00","O H",61846,31.44,-3.31,17.01
"05/21/2014 19:05:00","PJM",61847,48.70,1.92,4.98
"05/21/2014 19:05:00","WEST",61752,29.73,-2.69,19.33
"05/21/2014 19:10:00","CAPITL",61757,51.79,1.94,0.00
"05/21/2014 19:10:00","CENTRL",61754,52.78,1.19,-1.74
"05/21/2014 19:10:00","DUNWOD",61760,54.38,4.54,0.00
"05/21/2014 19:10:00","GENESE",61753,47.15,0.50,3.20
"05/21/2014 19:10:00","H Q",61844,48.30,-1.55,0.00
"05/21/2014 19:10:00","HUD VL",61758,54.43,4.58,0.00
"05/21/2014 19:10:00","LONGIL",61762,54.78,4.94,0.00
"05/21/2014 19:10:00","MHK VL",61756,50.84,1.00,0.00
"05/21/2014 19:10:00","MILLWD",61759,54.43,4.58,0.00
"05/21/2014 19:10:00","N.Y.C.",61761,54.59,4.74,0.00
"05/21/2014 19:10:00","NORTH",61755,46.76,-3.09,0.00
"05/21/2014 19:10:00","NPX",61845,52.69,2.84,0.00
"05/21/2014 19:10:00","O H",61846,32.85,-3.19,13.80
"05/21/2014 19:10:00","PJM",61847,47.60,1.79,4.04
"05/21/2014 19:10:00","WEST",61752,31.57,-2.59,15.69
"05/21/2014 19:15:00","CAPITL",61757,50.44,1.85,0.00
"05/21/2014 19:15:00","CENTRL",61754,51.53,1.31,-1.63
"05/21/2014 19:15:00","DUNWOD",61760,52.97,4.38,0.00
"05/21/2014 19:15:00","GENESE",61753,46.16,0.59,3.02
"05/21/2014 19:15:00","H Q",61844,47.04,-1.56,0.00
"05/21/2014 19:15:00","HUD VL",61758,53.06,4.47,0.00
"05/21/2014 19:15:00","LONGIL",61762,53.26,4.67,0.00
"05/21/2014 19:15:00","MHK VL",61756,49.61,1.02,0.00
"05/21/2014 19:15:00","MILLWD",61759,53.06,4.47,0.00
"05/21/2014 19:15:00","N.Y.C.",61761,53.21,4.62,0.00
"05/21/2014 19:15:00","NORTH",61755,45.43,-3.16,0.00
"05/21/2014 19:15:00","NPX",61845,51.31,2.72,0.00
"05/21/2014 19:15:00","O H",61846,32.76,-2.87,12.97
"05/21/2014 19:15:00","PJM",61847,46.69,1.89,3.80
"05/21/2014 19:15:00","WEST",61752,31.52,-2.33,14.74
"05/21/2014 19:20:00","CAPITL",61757,50.49,1.89,0.00
"05/21/2014 19:20:00","CENTRL",61754,51.47,1.26,-1.62
"05/21/2014 19:20:00","DUNWOD",61760,53.01,4.42,0.00
"05/21/2014 19:20:00","GENESE",61753,46.13,0.54,3.00
"05/21/2014 19:20:00","H Q",61844,47.04,-1.56,0.00
"05/21/2014 19:20:00","HUD VL",61758,53.06,4.47,0.00
"05/21/2014 19:20:00","LONGIL",61762,53.30,4.71,0.00
"05/21/2014 19:20:00","MHK VL",61756,49.61,1.02,0.00
"05/21/2014 19:20:00","MILLWD",61759,53.06,4.47,0.00
"05/21/2014 19:20:00","N.Y.C.",61761,53.21,4.62,0.00
"05/21/2014 19:20:00","NORTH",61755,45.48,-3.11,0.00
"05/21/2014 19:20:00","NPX",61845,51.31,2.72,0.00
"05/21/2014 19:20:00","O H",61846,32.74,-2.97,12.88
"05/21/2014 19:20:00","PJM",61847,46.67,1.85,3.77
"05/21/2014 19:20:00","WEST",61752,31.53,-2.43,14.64
"05/21/2014 19:25:00","CAPITL",61757,49.95,1.87,0.00
"05/21/2014 19:25:00","CENTRL",61754,50.83,1.20,-1.55
"05/21/2014 19:25:00","DUNWOD",61760,52.45,4.37,0.00
"05/21/2014 19:25:00","GENESE",61753,45.67,0.48,2.88
"05/21/2014 19:25:00","H Q",61844,46.53,-1.54,0.00
"05/21/2014 19:25:00","HUD VL",61758,52.50,4.42,0.00
"05/21/2014 19:25:00","LONGIL",61762,52.69,4.62,0.00
"05/21/2014 19:25:00","MHK VL",61756,49.09,1.01,0.00
"05/21/2014 19:25:00","MILLWD",61759,52.50,4.42,0.00
"05/21/2014 19:25:00","N.Y.C.",61761,52.69,4.62,0.00
"05/21/2014 19:25:00","NORTH",61755,45.00,-3.08,0.00
"05/21/2014 19:25:00","NPX",61845,50.81,2.74,0.00
"05/21/2014 19:25:00","O H",61846,32.61,-3.08,12.39
"05/21/2014 19:25:00","PJM",61847,46.23,1.78,3.63
"05/21/2014 19:25:00","WEST",61752,31.50,-2.50,14.08
"05/21/2014 19:30:00","CAPITL",61757,49.95,1.87,0.00
"05/21/2014 19:30:00","CENTRL",61754,50.89,1.25,-1.56
"05/21/2014 19:30:00","DUNWOD",61760,52.45,4.37,0.00
"05/21/2014 19:30:00","GENESE",61753,45.70,0.53,2.90
"05/21/2014 19:30:00","H Q",61844,46.53,-1.54,0.00
"05/21/2014 19:30:00","HUD VL",61758,52.55,4.47,0.00
"05/21/2014 19:30:00","LONGIL",61762,52.69,4.62,0.00
"05/21/2014 19:30:00","MHK VL",61756,49.09,1.01,0.00
"05/21/2014 19:30:00","MILLWD",61759,52.50,4.42,0.00
"05/21/2014 19:30:00","N.Y.C.",61761,52.69,4.62,0.00
"05/21/2014 19:30:00","NORTH",61755,44.95,-3.12,0.00
"05/21/2014 19:30:00","NPX",61845,50.77,2.69,0.00
"05/21/2014 19:30:00","O H",61846,32.62,-2.98,12.47
"05/21/2014 19:30:00","PJM",61847,46.25,1.83,3.65
"05/21/2014 19:30:00","WEST",61752,31.50,-2.40,14.17
"05/21/2014 19:35:00","CAPITL",61757,50.53,1.80,0.00
"05/21/2014 19:35:00","CENTRL",61754,51.84,1.26,-1.85
"05/21/2014 19:35:00","DUNWOD",61760,53.01,4.29,0.00
"05/21/2014 19:35:00","GENESE",61753,45.84,0.54,3.43
"05/21/2014 19:35:00","H Q",61844,47.21,-1.51,0.00
"05/21/2014 19:35:00","HUD VL",61758,53.11,4.39,0.00
"05/21/2014 19:35:00","LONGIL",61762,53.20,4.48,0.00
"05/21/2014 19:35:00","MHK VL",61756,49.75,1.02,0.00
"05/21/2014 19:35:00","MILLWD",61759,53.11,4.39,0.00
"05/21/2014 19:35:00","N.Y.C.",61761,53.26,4.53,0.00
"05/21/2014 19:35:00","NORTH",61755,45.75,-2.97,0.00
"05/21/2014 19:35:00","NPX",61845,51.40,2.68,0.00
"05/21/2014 19:35:00","O H",61846,31.03,-2.97,14.72
"05/21/2014 19:35:00","PJM",61847,46.22,1.80,4.31
"05/21/2014 19:35:00","WEST",61752,29.61,-2.39,16.72
"05/21/2014 19:40:00","CAPITL",61757,50.48,1.80,0.00
"05/21/2014 19:40:00","CENTRL",61754,51.78,1.26,-1.84
"05/21/2014 19:40:00","DUNWOD",61760,53.01,4.33,0.00
"05/21/2014 19:40:00","GENESE",61753,45.76,0.49,3.41
"05/21/2014 19:40:00","H Q",61844,47.17,-1.51,0.00
"05/21/2014 19:40:00","HUD VL",61758,53.11,4.43,0.00
"05/21/2014 19:40:00","LONGIL",61762,53.20,4.53,0.00
"05/21/2014 19:40:00","MHK VL",61756,49.70,1.02,0.00
"05/21/2014 19:40:00","MILLWD",61759,53.06,4.38,0.00
"05/21/2014 19:40:00","N.Y.C.",61761,53.20,4.53,0.00
"05/21/2014 19:40:00","NORTH",61755,45.66,-3.02,0.00
"05/21/2014 19:40:00","NPX",61845,51.35,2.68,0.00
"05/21/2014 19:40:00","O H",61846,31.02,-3.02,14.64
"05/21/2014 19:40:00","PJM",61847,46.19,1.80,4.28
"05/21/2014 19:40:00","WEST",61752,29.61,-2.43,16.64
"05/21/2014 19:45:00","CAPITL",61757,49.27,1.80,0.00
"05/21/2014 19:45:00","CENTRL",61754,50.09,1.14,-1.48
"05/21/2014 19:45:00","DUNWOD",61760,51.74,4.27,0.00
"05/21/2014 19:45:00","GENESE",61753,45.14,0.43,2.75
"05/21/2014 19:45:00","H Q",61844,45.99,-1.47,0.00
"05/21/2014 19:45:00","HUD VL",61758,51.78,4.32,0.00
"05/21/2014 19:45:00","LONGIL",61762,51.88,4.42,0.00
"05/21/2014 19:45:00","MHK VL",61756,48.46,1.00,0.00
"05/21/2014 19:45:00","MILLWD",61759,51.78,4.32,0.00
"05/21/2014 19:45:00","N.Y.C.",61761,51.93,4.46,0.00
"05/21/2014 19:45:00","NORTH",61755,44.52,-2.94,0.00
"05/21/2014 19:45:00","NPX",61845,50.07,2.61,0.00
"05/21/2014 19:45:00","O H",61846,32.56,-3.08,11.82
"05/21/2014 19:45:00","PJM",61847,45.71,1.71,3.46
"05/21/2014 19:45:00","WEST",61752,31.47,-2.56,13.43
"05/21/2014 19:50:00","CAPITL",61757,49.91,1.78,0.00
"05/21/2014 19:50:00","CENTRL",61754,50.88,1.20,-1.55
"05/21/2014 19:50:00","DUNWOD",61760,52.41,4.28,0.00
"05/21/2014 19:50:00","GENESE",61753,45.67,0.43,2.88
"05/21/2014 19:50:00","H Q",61844,46.63,-1.49,0.00
"05/21/2014 19:50:00","HUD VL",61758,52.50,4.38,0.00
"05/21/2014 19:50:00","LONGIL",61762,52.60,4.48,0.00
"05/21/2014 19:50:00","MHK VL",61756,49.14,1.01,0.00
"05/21/2014 19:50:00","MILLWD",61759,52.46,4.33,0.00
"05/21/2014 19:50:00","N.Y.C.",61761,52.60,4.48,0.00
"05/21/2014 19:50:00","NORTH",61755,45.19,-2.94,0.00
"05/21/2014 19:50:00","NPX",61845,51.76,2.65,-0.99
"05/21/2014 19:50:00","O H",61846,33.64,-3.08,11.40
"05/21/2014 19:50:00","PJM",61847,46.23,1.73,3.62
"05/21/2014 19:50:00","WEST",61752,31.55,-2.50,14.07
"05/21/2014 19:55:00","CAPITL",61757,49.90,1.83,0.00
"05/21/2014 19:55:00","CENTRL",61754,50.77,1.15,-1.54
"05/21/2014 19:55:00","DUNWOD",61760,52.40,4.33,0.00
"05/21/2014 19:55:00","GENESE",61753,45.55,0.34,2.86
"05/21/2014 19:55:00","H Q",61844,46.58,-1.49,0.00
"05/21/2014 19:55:00","HUD VL",61758,52.50,4.42,0.00
"05/21/2014 19:55:00","LONGIL",61762,52.64,4.57,0.00
"05/21/2014 19:55:00","MHK VL",61756,49.09,1.01,0.00
"05/21/2014 19:55:00","MILLWD",61759,52.45,4.37,0.00
"05/21/2014 19:55:00","N.Y.C.",61761,52.64,4.57,0.00
"05/21/2014 19:55:00","NORTH",61755,45.14,-2.93,0.00
"05/21/2014 19:55:00","NPX",61845,51.70,2.64,-0.99
"05/21/2014 19:55:00","O H",61846,33.63,-3.12,11.32
"05/21/2014 19:55:00","PJM",61847,46.20,1.73,3.60
"05/21/2014 19:55:00","WEST",61752,31.55,-2.55,13.98
"05/21/2014 20:00:00","CAPITL",61757,46.03,1.73,0.00
"05/21/2014 20:00:00","CENTRL",61754,46.53,1.06,-1.17
"05/21/2014 20:00:00","DUNWOD",61760,48.46,4.16,0.00
"05/21/2014 20:00:00","GENESE",61753,42.40,0.27,2.16
"05/21/2014 20:00:00","H Q",61844,42.88,-1.42,0.00
"05/21/2014 20:00:00","HUD VL",61758,48.51,4.21,0.00
"05/21/2014 20:00:00","LONGIL",61762,48.73,4.43,0.00
"05/21/2014 20:00:00","MHK VL",61756,45.23,0.93,0.00
"05/21/2014 20:00:00","MILLWD",61759,48.51,4.21,0.00
"05/21/2014 20:00:00","N.Y.C.",61761,48.73,4.43,0.00
"05/21/2014 20:00:00","NORTH",61755,41.51,-2.79,0.00
"05/21/2014 20:00:00","NPX",61845,47.81,2.52,-0.99
"05/21/2014 20:00:00","O H",61846,33.06,-2.93,8.32
"05/21/2014 20:00:00","PJM",61847,43.26,1.68,2.72
"05/21/2014 20:00:00","WEST",61752,31.34,-2.39,10.57
"05/21/2014 20:05:00","CAPITL",61757,45.80,1.72,0.00
"05/21/2014 20:05:00","CENTRL",61754,46.48,1.23,-1.16
"05/21/2014 20:05:00","DUNWOD",61760,48.35,4.27,0.00
"05/21/2014 20:05:00","GENESE",61753,42.32,0.40,2.16
"05/21/2014 20:05:00","H Q",61844,33.16,-1.50,9.42
"05/21/2014 20:05:00","HUD VL",61758,48.35,4.27,0.00
"05/21/2014 20:05:00","LONGIL",61762,48.75,4.67,0.00
"05/21/2014 20:05:00","MHK VL",61756,45.05,0.97,0.00
"05/21/2014 20:05:00","MILLWD",61759,48.35,4.27,0.00
"05/21/2014 20:05:00","N.Y.C.",61761,48.62,4.54,0.00
"05/21/2014 20:05:00","NORTH",61755,31.94,-2.82,9.32
"05/21/2014 20:05:00","NPX",61845,46.59,2.51,0.00
"05/21/2014 20:05:00","O H",61846,32.11,-2.69,9.28
"05/21/2014 20:05:00","PJM",61847,43.22,1.85,2.72
"05/21/2014 20:05:00","WEST",61752,31.38,-2.16,10.54
"05/21/2014 20:10:00","CAPITL",61757,47.33,1.82,0.00
"05/21/2014 20:10:00","CENTRL",61754,47.99,1.18,-1.30
"05/21/2014 20:10:00","DUNWOD",61760,49.92,4.41,0.00
"05/21/2014 20:10:00","GENESE",61753,43.47,0.36,2.41
"05/21/2014 20:10:00","H Q",61844,33.50,-1.50,10.51
"05/21/2014 20:10:00","HUD VL",61758,49.92,4.41,0.00
"05/21/2014 20:10:00","LONGIL",61762,50.33,4.82,0.00
"05/21/2014 20:10:00","MHK VL",61756,46.51,1.00,0.00
"05/21/2014 20:10:00","MILLWD",61759,49.97,4.46,0.00
"05/21/2014 20:10:00","N.Y.C.",61761,50.15,4.64,0.00
"05/21/2014 20:10:00","NORTH",61755,32.20,-2.91,10.39
"05/21/2014 20:10:00","NPX",61845,48.19,2.68,0.00
"05/21/2014 20:10:00","O H",61846,32.25,-2.91,10.34
"05/21/2014 20:10:00","PJM",61847,44.35,1.87,3.03
"05/21/2014 20:10:00","WEST",61752,31.39,-2.37,11.75
"05/21/2014 20:15:00","CAPITL",61757,45.89,1.85,0.00
"05/21/2014 20:15:00","CENTRL",61754,45.69,1.06,-0.60
"05/21/2014 20:15:00","DUNWOD",61760,48.31,4.27,0.00
"05/21/2014 20:15:00","GENESE",61753,43.21,0.27,1.10
"05/21/2014 20:15:00","H Q",61844,42.59,-1.45,0.00
"05/21/2014 20:15:00","HUD VL",61758,48.36,4.32,0.00
"05/21/2014 20:15:00","LONGIL",61762,48.76,4.71,0.00
"05/21/2014 20:15:00","MHK VL",61756,44.97,0.93,0.00
"05/21/2014 20:15:00","MILLWD",61759,48.36,4.32,0.00
"05/21/2014 20:15:00","N.Y.C.",61761,48.58,4.54,0.00
"05/21/2014 20:15:00","NORTH",61755,41.22,-2.82,0.00
"05/21/2014 20:15:00","NPX",61845,46.68,2.64,0.00
"05/21/2014 20:15:00","O H",61846,36.36,-2.95,4.74
"05/21/2014 20:15:00","PJM",61847,44.37,1.72,1.39
"05/21/2014 20:15:00","WEST",61752,36.24,-2.42,5.38
"05/21/2014 20:20:00","CAPITL",61757,47.71,1.92,0.00
"05/21/2014 20:20:00","CENTRL",61754,48.16,1.05,-1.31
"05/21/2014 20:20:00","DUNWOD",61760,50.23,4.44,0.00
"05/21/2014 20:20:00","GENESE",61753,43.63,0.28,2.43
"05/21/2014 20:20:00","H Q",61844,44.28,-1.51,0.00
"05/21/2014 20:20:00","HUD VL",61758,50.23,4.44,0.00
"05/21/2014 20:20:00","LONGIL",61762,50.69,4.90,0.00
"05/21/2014 20:20:00","MHK VL",61756,46.75,0.96,0.00
"05/21/2014 20:20:00","MILLWD",61759,50.23,4.44,0.00
"05/21/2014 20:20:00","N.Y.C.",61761,50.41,4.62,0.00
"05/21/2014 20:20:00","NORTH",61755,42.95,-2.84,0.00
"05/21/2014 20:20:00","NPX",61845,48.54,2.75,0.00
"05/21/2014 20:20:00","O H",61846,32.23,-3.12,10.45
"05/21/2014 20:20:00","PJM",61847,44.47,1.74,3.06
"05/21/2014 20:20:00","WEST",61752,31.36,-2.56,11.87
"05/21/2014 20:25:00","CAPITL",61757,47.71,1.92,0.00
"05/21/2014 20:25:00","CENTRL",61754,47.66,1.10,-0.77
"05/21/2014 20:25:00","DUNWOD",61760,50.23,4.44,0.00
"05/21/2014 20:25:00","GENESE",61753,44.68,0.32,1.43
"05/21/2014 20:25:00","H Q",61844,44.28,-1.51,0.00
"05/21/2014 20:25:00","HUD VL",61758,50.23,4.44,0.00
"05/21/2014 20:25:00","LONGIL",61762,50.69,4.90,0.00
"05/21/2014 20:25:00","MHK VL",61756,46.80,1.01,0.00
"05/21/2014 20:25:00","MILLWD",61759,50.23,4.44,0.00
"05/21/2014 20:25:00","N.Y.C.",61761,50.41,4.62,0.00
"05/21/2014 20:25:00","NORTH",61755,42.91,-2.88,0.00
"05/21/2014 20:25:00","NPX",61845,48.54,2.75,0.00
"05/21/2014 20:25:00","O H",61846,36.56,-3.07,6.16
"05/21/2014 20:25:00","PJM",61847,45.73,1.74,1.80
"05/21/2014 20:25:00","WEST",61752,36.27,-2.52,7.00
"05/21/2014 20:30:00","CAPITL",61757,48.46,1.91,0.00
"05/21/2014 20:30:00","CENTRL",61754,49.16,1.21,-1.40
"05/21/2014 20:30:00","DUNWOD",61760,51.06,4.51,0.00
"05/21/2014 20:30:00","GENESE",61753,44.37,0.42,2.60
"05/21/2014 20:30:00","H Q",61844,44.96,-1.58,0.00
"05/21/2014 20:30:00","HUD VL",61758,51.06,4.51,0.00
"05/21/2014 20:30:00","LONGIL",61762,51.62,5.07,0.00
"05/21/2014 20:30:00","MHK VL",61756,47.57,1.02,0.00
"05/21/2014 20:30:00","MILLWD",61759,51.06,4.51,0.00
"05/21/2014 20:30:00","N.Y.C.",61761,51.20,4.65,0.00
"05/21/2014 20:30:00","NORTH",61755,43.47,-3.07,0.00
"05/21/2014 20:30:00","NPX",61845,49.29,2.75,0.00
"05/21/2014 20:30:00","O H",61846,32.45,-2.93,11.17
"05/21/2014 20:30:00","PJM",61847,45.19,1.91,3.27
"05/21/2014 20:30:00","WEST",61752,31.48,-2.37,12.69
"05/21/2014 20:35:00","CAPITL",61757,48.22,1.90,0.00
"05/21/2014 20:35:00","CENTRL",61754,48.52,1.34,-0.86
"05/21/2014 20:35:00","DUNWOD",61760,50.72,4.40,0.00
"05/21/2014 20:35:00","GENESE",61753,45.24,0.51,1.59
"05/21/2014 20:35:00","H Q",61844,44.75,-1.58,0.00
"05/21/2014 20:35:00","HUD VL",61758,50.77,4.45,0.00
"05/21/2014 20:35:00","LONGIL",61762,51.23,4.91,0.00
"05/21/2014 20:35:00","MHK VL",61756,47.39,1.07,0.00
"05/21/2014 20:35:00","MILLWD",61759,50.77,4.45,0.00
"05/21/2014 20:35:00","N.Y.C.",61761,50.91,4.59,0.00
"05/21/2014 20:35:00","NORTH",61755,43.26,-3.06,0.00
"05/21/2014 20:35:00","NPX",61845,49.01,2.69,0.00
"05/21/2014 20:35:00","O H",61846,36.76,-2.73,6.83
"05/21/2014 20:35:00","PJM",61847,46.27,1.95,2.00
"05/21/2014 20:35:00","WEST",61752,36.39,-2.18,7.76
"05/21/2014 20:40:00","CAPITL",61757,48.50,1.91,0.00
"05/21/2014 20:40:00","CENTRL",61754,49.21,1.21,-1.41
"05/21/2014 20:40:00","DUNWOD",61760,51.02,4.43,0.00
"05/21/2014 20:40:00","GENESE",61753,44.44,0.47,2.62
"05/21/2014 20:40:00","H Q",61844,45.00,-1.58,0.00
"05/21/2014 20:40:00","HUD VL",61758,51.06,4.47,0.00
"05/21/2014 20:40:00","LONGIL",61762,51.52,4.94,0.00
"05/21/2014 20:40:00","MHK VL",61756,47.66,1.07,0.00
"05/21/2014 20:40:00","MILLWD",61759,51.06,4.47,0.00
"05/21/2014 20:40:00","N.Y.C.",61761,51.20,4.61,0.00
"05/21/2014 20:40:00","NORTH",61755,43.56,-3.03,0.00
"05/21/2014 20:40:00","NPX",61845,49.29,2.70,0.00
"05/21/2014 20:40:00","O H",61846,32.41,-2.93,11.24
"05/21/2014 20:40:00","PJM",61847,45.11,1.82,3.29
"05/21/2014 20:40:00","WEST",61752,31.49,-2.33,12.77
"05/21/2014 20:45:00","CAPITL",61757,47.80,1.88,0.00
"05/21/2014 20:45:00","CENTRL",61754,47.90,1.19,-0.79
"05/21/2014 20:45:00","DUNWOD",61760,50.28,4.36,0.00
"05/21/2014 20:45:00","GENESE",61753,44.86,0.41,1.47
"05/21/2014 20:45:00","H Q",61844,44.40,-1.51,0.00
"05/21/2014 20:45:00","HUD VL",61758,50.32,4.41,0.00
"05/21/2014 20:45:00","LONGIL",61762,50.78,4.86,0.00
"05/21/2014 20:45:00","MHK VL",61756,46.97,1.06,0.00
"05/21/2014 20:45:00","MILLWD",61759,50.32,4.41,0.00
"05/21/2014 20:45:00","N.Y.C.",61761,50.46,4.55,0.00
"05/21/2014 20:45:00","NORTH",61755,42.98,-2.94,0.00
"05/21/2014 20:45:00","NPX",61845,48.62,2.71,0.00
"05/21/2014 20:45:00","O H",61846,36.63,-2.98,6.30
"05/21/2014 20:45:00","PJM",61847,45.86,1.79,1.84
"05/21/2014 20:45:00","WEST",61752,36.37,-2.39,7.16
"05/21/2014 20:50:00","CAPITL",61757,47.07,1.81,0.00
"05/21/2014 20:50:00","CENTRL",61754,46.31,1.04,-0.01
"05/21/2014 20:50:00","DUNWOD",61760,49.47,4.21,0.00
"05/21/2014 20:50:00","GENESE",61753,45.51,0.27,0.02
"05/21/2014 20:50:00","H Q",61844,43.85,-1.40,0.00
"05/21/2014 20:50:00","HUD VL",61758,49.51,4.25,0.00
"05/21/2014 20:50:00","LONGIL",61762,49.96,4.71,0.00
"05/21/2014 20:50:00","MHK VL",61756,46.30,1.04,0.00
"05/21/2014 20:50:00","MILLWD",61759,49.51,4.25,0.00
"05/21/2014 20:50:00","N.Y.C.",61761,49.70,4.44,0.00
"05/21/2014 20:50:00","NORTH",61755,42.59,-2.67,0.00
"05/21/2014 20:50:00","NPX",61845,47.84,2.58,0.00
"05/21/2014 20:50:00","O H",61846,115.75,-3.21,-73.70
"05/21/2014 20:50:00","PJM",61847,46.78,1.54,0.02
"05/21/2014 20:50:00","WEST",61752,42.55,-2.63,0.08
"05/21/2014 20:55:00","CAPITL",61757,46.39,1.79,0.00
"05/21/2014 20:55:00","CENTRL",61754,45.54,0.94,0.00
"05/21/2014 20:55:00","DUNWOD",61760,48.70,4.10,0.00
"05/21/2014 20:55:00","GENESE",61753,44.82,0.22,0.00
"05/21/2014 20:55:00","H Q",61844,43.22,-1.38,0.00
"05/21/2014 20:55:00","HUD VL",61758,48.79,4.19,0.00
"05/21/2014 20:55:00","LONGIL",61762,49.20,4.59,0.00
"05/21/2014 20:55:00","MHK VL",61756,45.63,1.03,0.00
"05/21/2014 20:55:00","MILLWD",61759,48.75,4.15,0.00
"05/21/2014 20:55:00","N.Y.C.",61761,48.98,4.37,0.00
"05/21/2014 20:55:00","NORTH",61755,42.06,-2.54,0.00
"05/21/2014 20:55:00","NPX",61845,47.14,2.54,0.00
"05/21/2014 20:55:00","O H",61846,115.20,-3.17,-73.77
"05/21/2014 20:55:00","PJM",61847,46.03,1.43,0.00
"05/21/2014 20:55:00","WEST",61752,41.96,-2.63,0.01
"05/21/2014 21:00:00","CAPITL",61757,46.59,1.75,0.00
"05/21/2014 21:00:00","CENTRL",61754,45.75,0.85,-0.06
"05/21/2014 21:00:00","DUNWOD",61760,48.93,4.08,0.00
"05/21/2014 21:00:00","GENESE",61753,44.79,0.04,0.11
"05/21/2014 21:00:00","H Q",61844,43.54,-1.30,0.00
"05/21/2014 21:00:00","HUD VL",61758,49.02,4.17,0.00
"05/21/2014 21:00:00","LONGIL",61762,49.51,4.66,0.00
"05/21/2014 21:00:00","MHK VL",61756,45.83,0.99,0.00
"05/21/2014 21:00:00","MILLWD",61759,48.97,4.12,0.00
"05/21/2014 21:00:00","N.Y.C.",61761,49.15,4.31,0.00
"05/21/2014 21:00:00","NORTH",61755,42.34,-2.51,0.00
"05/21/2014 21:00:00","NPX",61845,47.31,2.46,0.00
"05/21/2014 21:00:00","O H",61846,114.76,-3.41,-73.32
"05/21/2014 21:00:00","PJM",61847,46.01,1.30,0.13
"05/21/2014 21:00:00","WEST",61752,41.46,-2.87,0.51
"05/21/2014 21:05:00","CAPITL",61757,46.16,1.65,0.00
"05/21/2014 21:05:00","CENTRL",61754,45.27,0.71,-0.05
"05/21/2014 21:05:00","DUNWOD",61760,48.47,3.96,0.00
"05/21/2014 21:05:00","GENESE",61753,44.37,-0.04,0.09
"05/21/2014 21:05:00","H Q",61844,43.31,-1.20,0.00
"05/21/2014 21:05:00","HUD VL",61758,48.52,4.01,0.00
"05/21/2014 21:05:00","LONGIL",61762,49.10,4.59,0.00
"05/21/2014 21:05:00","MHK VL",61756,45.45,0.94,0.00
"05/21/2014 21:05:00","MILLWD",61759,48.52,4.01,0.00
"05/21/2014 21:05:00","N.Y.C.",61761,48.69,4.18,0.00
"05/21/2014 21:05:00","NORTH",61755,42.15,-2.36,0.00
"05/21/2014 21:05:00","NPX",61845,46.91,2.40,0.00
"05/21/2014 21:05:00","O H",61846,40.51,-3.60,0.40
"05/21/2014 21:05:00","PJM",61847,45.51,1.11,0.12
"05/21/2014 21:05:00","WEST",61752,41.03,-3.03,0.45
"05/21/2014 21:10:00","CAPITL",61757,39.59,1.34,0.00
"05/21/2014 21:10:00","CENTRL",61754,38.94,0.69,0.00
"05/21/2014 21:10:00","DUNWOD",61760,41.50,3.25,0.00
"05/21/2014 21:10:00","GENESE",61753,38.33,0.08,0.00
"05/21/2014 21:10:00","H Q",61844,37.26,-0.99,0.00
"05/21/2014 21:10:00","HUD VL",61758,41.58,3.33,0.00
"05/21/2014 21:10:00","LONGIL",61762,42.00,3.75,0.00
"05/21/2014 21:10:00","MHK VL",61756,39.06,0.80,0.00
"05/21/2014 21:10:00","MILLWD",61759,41.54,3.29,0.00
"05/21/2014 21:10:00","N.Y.C.",61761,41.70,3.44,0.00
"05/21/2014 21:10:00","NORTH",61755,36.34,-1.91,0.00
"05/21/2014 21:10:00","NPX",61845,40.16,1.91,0.00
"05/21/2014 21:10:00","O H",61846,35.42,-2.83,0.00
"05/21/2014 21:10:00","PJM",61847,39.21,0.96,0.00
"05/21/2014 21:10:00","WEST",61752,35.88,-2.37,0.00
"05/21/2014 21:15:00","CAPITL",61757,42.96,1.45,0.00
"05/21/2014 21:15:00","CENTRL",61754,42.39,0.87,0.00
"05/21/2014 21:15:00","DUNWOD",61760,45.08,3.57,0.00
"05/21/2014 21:15:00","GENESE",61753,41.64,0.12,0.00
"05/21/2014 21:15:00","H Q",61844,40.39,-1.12,0.00
"05/21/2014 21:15:00","HUD VL",61758,45.17,3.65,0.00
"05/21/2014 21:15:00","LONGIL",61762,45.66,4.15,0.00
"05/21/2014 21:15:00","MHK VL",61756,42.42,0.91,0.00
"05/21/2014 21:15:00","MILLWD",61759,45.12,3.61,0.00
"05/21/2014 21:15:00","N.Y.C.",61761,45.33,3.82,0.00
"05/21/2014 21:15:00","NORTH",61755,39.31,-2.20,0.00
"05/21/2014 21:15:00","NPX",61845,43.59,2.07,0.00
"05/21/2014 21:15:00","O H",61846,38.56,-2.95,0.01
"05/21/2014 21:15:00","PJM",61847,42.71,1.20,0.00
"05/21/2014 21:15:00","WEST",61752,39.05,-2.45,0.01
"05/21/2014 21:20:00","CAPITL",61757,43.09,1.46,0.00
"05/21/2014 21:20:00","CENTRL",61754,42.38,0.75,0.00
"05/21/2014 21:20:00","DUNWOD",61760,45.13,3.50,0.00
"05/21/2014 21:20:00","GENESE",61753,41.67,0.04,0.00
"05/21/2014 21:20:00","H Q",61844,40.55,-1.08,0.00
"05/21/2014 21:20:00","HUD VL",61758,45.25,3.62,0.00
"05/21/2014 21:20:00","LONGIL",61762,45.79,4.16,0.00
"05/21/2014 21:20:00","MHK VL",61756,42.51,0.88,0.00
"05/21/2014 21:20:00","MILLWD",61759,45.21,3.58,0.00
"05/21/2014 21:20:00","N.Y.C.",61761,45.33,3.70,0.00
"05/21/2014 21:20:00","NORTH",61755,39.55,-2.08,0.00
"05/21/2014 21:20:00","NPX",61845,43.75,2.12,0.00
"05/21/2014 21:20:00","O H",61846,38.51,-3.12,0.00
"05/21/2014 21:20:00","PJM",61847,42.67,1.04,0.00
"05/21/2014 21:20:00","WEST",61752,39.05,-2.58,0.00
"05/21/2014 21:25:00","CAPITL",61757,39.55,1.34,0.00
"05/21/2014 21:25:00","CENTRL",61754,38.93,0.72,0.00
"05/21/2014 21:25:00","DUNWOD",61760,41.42,3.21,0.00
"05/21/2014 21:25:00","GENESE",61753,38.29,0.08,0.00
"05/21/2014 21:25:00","H Q",61844,37.22,-0.99,0.00
"05/21/2014 21:25:00","HUD VL",61758,41.53,3.32,0.00
"05/21/2014 21:25:00","LONGIL",61762,42.03,3.82,0.00
"05/21/2014 21:25:00","MHK VL",61756,39.01,0.80,0.00
"05/21/2014 21:25:00","MILLWD",61759,41.50,3.29,0.00
"05/21/2014 21:25:00","N.Y.C.",61761,41.65,3.44,0.00
"05/21/2014 21:25:00","NORTH",61755,36.26,-1.95,0.00
"05/21/2014 21:25:00","NPX",61845,40.16,1.95,0.00
"05/21/2014 21:25:00","O H",61846,35.42,-2.79,0.00
"05/21/2014 21:25:00","PJM",61847,39.20,0.99,0.00
"05/21/2014 21:25:00","WEST",61752,35.88,-2.33,0.00
"05/21/2014 21:30:00","CAPITL",61757,38.31,1.29,0.00
"05/21/2014 21:30:00","CENTRL",61754,37.80,0.78,0.00
"05/21/2014 21:30:00","DUNWOD",61760,40.09,3.07,0.00
"05/21/2014 21:30:00","GENESE",61753,37.24,0.22,0.00
"05/21/2014 21:30:00","H Q",61844,36.02,-1.00,0.00
"05/21/2014 21:30:00","HUD VL",61758,40.20,3.18,0.00
"05/21/2014 21:30:00","LONGIL",61762,40.72,3.70,0.00
"05/21/2014 21:30:00","MHK VL",61756,37.80,0.78,0.00
"05/21/2014 21:30:00","MILLWD",61759,40.16,3.14,0.00
"05/21/2014 21:30:00","N.Y.C.",61761,40.28,3.26,0.00
"05/21/2014 21:30:00","NORTH",61755,35.09,-1.93,0.00
"05/21/2014 21:30:00","NPX",61845,38.90,1.89,0.00
"05/21/2014 21:30:00","O H",61846,34.61,-2.41,0.00
"05/21/2014 21:30:00","PJM",61847,38.05,1.04,0.00
"05/21/2014 21:30:00","WEST",61752,35.09,-1.93,0.00
"05/21/2014 21:35:00","CAPITL",61757,36.58,1.27,0.00
"05/21/2014 21:35:00","CENTRL",61754,35.98,0.67,0.00
"05/21/2014 21:35:00","DUNWOD",61760,38.24,2.93,0.00
"05/21/2014 21:35:00","GENESE",61753,35.49,0.18,0.00
"05/21/2014 21:35:00","H Q",61844,34.39,-0.92,0.00
"05/21/2014 21:35:00","HUD VL",61758,38.35,3.04,0.00
"05/21/2014 21:35:00","LONGIL",61762,38.88,3.56,0.00
"05/21/2014 21:35:00","MHK VL",61756,36.02,0.71,0.00
"05/21/2014 21:35:00","MILLWD",61759,38.31,3.00,0.00
"05/21/2014 21:35:00","N.Y.C.",61761,38.42,3.11,0.00
"05/21/2014 21:35:00","NORTH",61755,33.51,-1.80,0.00
"05/21/2014 21:35:00","NPX",61845,37.11,1.80,0.00
"05/21/2014 21:35:00","O H",61846,32.98,-2.33,0.00
"05/21/2014 21:35:00","PJM",61847,36.26,0.95,0.00
"05/21/2014 21:35:00","WEST",61752,33.44,-1.87,0.00
"05/21/2014 21:40:00","CAPITL",61757,36.58,1.24,0.00
"05/21/2014 21:40:00","CENTRL",61754,36.09,0.74,0.00
"05/21/2014 21:40:00","DUNWOD",61760,38.25,2.90,0.00
"05/21/2014 21:40:00","GENESE",61753,35.70,0.35,0.00
"05/21/2014 21:40:00","H Q",61844,34.43,-0.92,0.00
"05/21/2014 21:40:00","HUD VL",61758,38.32,2.97,0.00
"05/21/2014 21:40:00","LONGIL",61762,38.85,3.50,0.00
"05/21/2014 21:40:00","MHK VL",61756,36.05,0.71,0.00
"05/21/2014 21:40:00","MILLWD",61759,38.28,2.93,0.00
"05/21/2014 21:40:00","N.Y.C.",61761,38.39,3.04,0.00
"05/21/2014 21:40:00","NORTH",61755,33.54,-1.80,0.00
"05/21/2014 21:40:00","NPX",61845,37.11,1.77,0.00
"05/21/2014 21:40:00","O H",61846,33.33,-2.01,0.00
"05/21/2014 21:40:00","PJM",61847,36.37,1.03,0.00
"05/21/2014 21:40:00","WEST",61752,33.83,-1.52,0.00
"05/21/2014 21:45:00","CAPITL",61757,43.94,1.45,0.00
"05/21/2014 21:45:00","CENTRL",61754,43.47,0.98,0.00
"05/21/2014 21:45:00","DUNWOD",61760,45.98,3.48,0.00
"05/21/2014 21:45:00","GENESE",61753,43.26,0.77,0.00
"05/21/2014 21:45:00","H Q",61844,41.35,-1.15,0.00
"05/21/2014 21:45:00","HUD VL",61758,46.10,3.61,0.00
"05/21/2014 21:45:00","LONGIL",61762,46.74,4.25,0.00
"05/21/2014 21:45:00","MHK VL",61756,43.34,0.85,0.00
"05/21/2014 21:45:00","MILLWD",61759,46.06,3.57,0.00
"05/21/2014 21:45:00","N.Y.C.",61761,46.15,3.65,0.00
"05/21/2014 21:45:00","NORTH",61755,40.28,-2.21,0.00
"05/21/2014 21:45:00","NPX",61845,44.61,2.12,0.00
"05/21/2014 21:45:00","O H",61846,40.79,-1.70,0.00
"05/21/2014 21:45:00","PJM",61847,44.06,1.57,0.00
"05/21/2014 21:45:00","WEST",61752,41.47,-1.02,0.00
"05/21/2014 21:50:00","CAPITL",61757,44.12,1.41,0.00
"05/21/2014 21:50:00","CENTRL",61754,43.74,1.02,0.00
"05/21/2014 21:50:00","DUNWOD",61760,46.13,3.42,0.00
"05/21/2014 21:50:00","GENESE",61753,43.65,0.94,0.00
"05/21/2014 21:50:00","H Q",61844,41.60,-1.11,0.00
"05/21/2014 21:50:00","HUD VL",61758,46.30,3.59,0.00
"05/21/2014 21:50:00","LONGIL",61762,46.94,4.23,0.00
"05/21/2014 21:50:00","MHK VL",61756,43.57,0.85,0.00
"05/21/2014 21:50:00","MILLWD",61759,46.22,3.50,0.00
"05/21/2014 21:50:00","N.Y.C.",61761,46.26,3.54,0.00
"05/21/2014 21:50:00","NORTH",61755,40.49,-2.22,0.00
"05/21/2014 21:50:00","NPX",61845,44.81,2.09,0.00
"05/21/2014 21:50:00","O H",61846,41.35,-1.37,0.00
"05/21/2014 21:50:00","PJM",61847,44.34,1.62,0.00
"05/21/2014 21:50:00","WEST",61752,42.03,-0.69,0.00
"05/21/2014 21:55:00","CAPITL",61757,46.34,1.44,0.00
"05/21/2014 21:55:00","CENTRL",61754,46.02,1.12,0.00
"05/21/2014 21:55:00","DUNWOD",61760,48.54,3.64,0.00
"05/21/2014 21:55:00","GENESE",61753,45.85,0.94,0.00
"05/21/2014 21:55:00","H Q",61844,43.69,-1.21,0.00
"05/21/2014 21:55:00","HUD VL",61758,48.67,3.77,0.00
"05/21/2014 21:55:00","LONGIL",61762,49.39,4.49,0.00
"05/21/2014 21:55:00","MHK VL",61756,45.80,0.90,0.00
"05/21/2014 21:55:00","MILLWD",61759,48.63,3.72,0.00
"05/21/2014 21:55:00","N.Y.C.",61761,48.67,3.77,0.00
"05/21/2014 21:55:00","NORTH",61755,42.52,-2.38,0.00
"05/21/2014 21:55:00","NPX",61845,47.10,2.20,0.00
"05/21/2014 21:55:00","O H",61846,43.51,-1.39,0.00
"05/21/2014 21:55:00","PJM",61847,46.74,1.84,0.00
"05/21/2014 21:55:00","WEST",61752,44.23,-0.67,0.00
"05/21/2014 22:00:00","CAPITL",61757,51.00,1.77,0.00
"05/21/2014 22:00:00","CENTRL",61754,50.21,0.98,0.00
"05/21/2014 22:00:00","DUNWOD",61760,53.31,4.08,0.00
"05/21/2014 22:00:00","GENESE",61753,49.92,0.69,0.00
"05/21/2014 22:00:00","H Q",61844,47.90,-1.33,0.00
"05/21/2014 22:00:00","HUD VL",61758,53.46,4.23,0.00
"05/21/2014 22:00:00","LONGIL",61762,54.35,5.12,0.00
"05/21/2014 22:00:00","MHK VL",61756,50.21,0.98,0.00
"05/21/2014 22:00:00","MILLWD",61759,53.37,4.14,0.00
"05/21/2014 22:00:00","N.Y.C.",61761,53.41,4.18,0.00
"05/21/2014 22:00:00","NORTH",61755,46.62,-2.61,0.00
"05/21/2014 22:00:00","NPX",61845,51.79,2.56,0.00
"05/21/2014 22:00:00","O H",61846,47.11,-2.12,0.00
"05/21/2014 22:00:00","PJM",61847,51.05,1.82,0.00
"05/21/2014 22:00:00","WEST",61752,47.80,-1.43,0.00
"05/21/2014 22:05:00","CAPITL",61757,48.61,1.74,0.00
"05/21/2014 22:05:00","CENTRL",61754,47.63,0.75,0.00
"05/21/2014 22:05:00","DUNWOD",61760,50.82,3.94,0.00
"05/21/2014 22:05:00","GENESE",61753,47.39,0.52,0.00
"05/21/2014 22:05:00","H Q",61844,45.66,-1.22,0.00
"05/21/2014 22:05:00","HUD VL",61758,50.91,4.03,0.00
"05/21/2014 22:05:00","LONGIL",61762,51.84,4.97,0.00
"05/21/2014 22:05:00","MHK VL",61756,47.77,0.89,0.00
"05/21/2014 22:05:00","MILLWD",61759,50.86,3.98,0.00
"05/21/2014 22:05:00","N.Y.C.",61761,50.91,4.03,0.00
"05/21/2014 22:05:00","NORTH",61755,44.39,-2.49,0.00
"05/21/2014 22:05:00","NPX",61845,49.41,2.53,0.00
"05/21/2014 22:05:00","O H",61846,44.63,-2.25,0.00
"05/21/2014 22:05:00","PJM",61847,48.47,1.59,0.00
"05/21/2014 22:05:00","WEST",61752,45.33,-1.55,0.00
"05/21/2014 22:10:00","CAPITL",61757,49.08,1.70,0.00
"05/21/2014 22:10:00","CENTRL",61754,48.28,0.90,0.00
"05/21/2014 22:10:00","DUNWOD",61760,51.31,3.93,0.00
"05/21/2014 22:10:00","GENESE",61753,48.19,0.80,0.00
"05/21/2014 22:10:00","H Q",61844,46.10,-1.28,0.00
"05/21/2014 22:10:00","HUD VL",61758,51.46,4.08,0.00
"05/21/2014 22:10:00","LONGIL",61762,52.31,4.93,0.00
"05/21/2014 22:10:00","MHK VL",61756,48.28,0.90,0.00
"05/21/2014 22:10:00","MILLWD",61759,51.36,3.98,0.00
"05/21/2014 22:10:00","N.Y.C.",61761,51.46,4.08,0.00
"05/21/2014 22:10:00","NORTH",61755,44.78,-2.61,0.00
"05/21/2014 22:10:00","NPX",61845,49.89,2.51,0.00
"05/21/2014 22:10:00","O H",61846,45.58,-1.80,0.00
"05/21/2014 22:10:00","PJM",61847,49.14,1.75,0.00
"05/21/2014 22:10:00","WEST",61752,46.34,-1.04,0.00
"05/21/2014 22:15:00","CAPITL",61757,46.88,1.63,0.00
"05/21/2014 22:15:00","CENTRL",61754,46.21,0.95,0.00
"05/21/2014 22:15:00","DUNWOD",61760,49.01,3.75,0.00
"05/21/2014 22:15:00","GENESE",61753,45.94,0.68,0.00
"05/21/2014 22:15:00","H Q",61844,44.04,-1.22,0.00
"05/21/2014 22:15:00","HUD VL",61758,49.15,3.89,0.00
"05/21/2014 22:15:00","LONGIL",61762,49.88,4.62,0.00
"05/21/2014 22:15:00","MHK VL",61756,46.12,0.86,0.00
"05/21/2014 22:15:00","MILLWD",61759,49.06,3.80,0.00
"05/21/2014 22:15:00","N.Y.C.",61761,49.19,3.94,0.00
"05/21/2014 22:15:00","NORTH",61755,42.72,-2.53,0.00
"05/21/2014 22:15:00","NPX",61845,47.65,2.40,0.00
"05/21/2014 22:15:00","O H",61846,43.54,-1.72,0.00
"05/21/2014 22:15:00","PJM",61847,47.02,1.76,0.00
"05/21/2014 22:15:00","WEST",61752,44.22,-1.04,0.00
"05/21/2014 22:20:00","CAPITL",61757,45.89,1.59,0.00
"05/21/2014 22:20:00","CENTRL",61754,45.23,0.93,0.00
"05/21/2014 22:20:00","DUNWOD",61760,48.02,3.72,0.00
"05/21/2014 22:20:00","GENESE",61753,44.87,0.57,0.00
"05/21/2014 22:20:00","H Q",61844,43.10,-1.19,0.00
"05/21/2014 22:20:00","HUD VL",61758,48.11,3.81,0.00
"05/21/2014 22:20:00","LONGIL",61762,48.82,4.52,0.00
"05/21/2014 22:20:00","MHK VL",61756,45.14,0.84,0.00
"05/21/2014 22:20:00","MILLWD",61759,48.06,3.76,0.00
"05/21/2014 22:20:00","N.Y.C.",61761,48.20,3.90,0.00
"05/21/2014 22:20:00","NORTH",61755,41.86,-2.44,0.00
"05/21/2014 22:20:00","NPX",61845,46.64,2.35,0.00
"05/21/2014 22:20:00","O H",61846,42.48,-1.82,0.00
"05/21/2014 22:20:00","PJM",61847,46.02,1.73,0.00
"05/21/2014 22:20:00","WEST",61752,43.06,-1.24,0.00
"05/21/2014 22:25:00","CAPITL",61757,45.87,1.64,0.00
"05/21/2014 22:25:00","CENTRL",61754,44.94,0.71,0.00
"05/21/2014 22:25:00","DUNWOD",61760,48.04,3.80,0.00
"05/21/2014 22:25:00","GENESE",61753,44.55,0.31,0.00
"05/21/2014 22:25:00","H Q",61844,43.04,-1.19,0.00
"05/21/2014 22:25:00","HUD VL",61758,48.13,3.89,0.00
"05/21/2014 22:25:00","LONGIL",61762,48.84,4.60,0.00
"05/21/2014 22:25:00","MHK VL",61756,45.03,0.80,0.00
"05/21/2014 22:25:00","MILLWD",61759,48.08,3.85,0.00
"05/21/2014 22:25:00","N.Y.C.",61761,48.30,4.07,0.00
"05/21/2014 22:25:00","NORTH",61755,41.80,-2.43,0.00
"05/21/2014 22:25:00","NPX",61845,46.67,2.43,0.00
"05/21/2014 22:25:00","O H",61846,41.98,-2.25,0.00
"05/21/2014 22:25:00","PJM",61847,45.87,1.64,0.00
"05/21/2014 22:25:00","WEST",61752,42.55,-1.68,0.00
"05/21/2014 22:30:00","CAPITL",61757,46.33,1.65,0.00
"05/21/2014 22:30:00","CENTRL",61754,45.43,0.76,0.00
"05/21/2014 22:30:00","DUNWOD",61760,48.47,3.80,0.00
"05/21/2014 22:30:00","GENESE",61753,45.03,0.36,0.00
"05/21/2014 22:30:00","H Q",61844,43.47,-1.20,0.00
"05/21/2014 22:30:00","HUD VL",61758,48.56,3.88,0.00
"05/21/2014 22:30:00","LONGIL",61762,49.28,4.60,0.00
"05/21/2014 22:30:00","MHK VL",61756,45.52,0.85,0.00
"05/21/2014 22:30:00","MILLWD",61759,48.52,3.84,0.00
"05/21/2014 22:30:00","N.Y.C.",61761,48.70,4.02,0.00
"05/21/2014 22:30:00","NORTH",61755,42.17,-2.50,0.00
"05/21/2014 22:30:00","NPX",61845,47.09,2.41,0.00
"05/21/2014 22:30:00","O H",61846,42.49,-2.19,0.00
"05/21/2014 22:30:00","PJM",61847,46.33,1.65,0.00
"05/21/2014 22:30:00","WEST",61752,43.07,-1.61,0.00
"05/21/2014 22:35:00","CAPITL",61757,43.53,1.47,0.00
"05/21/2014 22:35:00","CENTRL",61754,42.90,0.84,0.00
"05/21/2014 22:35:00","DUNWOD",61760,45.59,3.53,0.00
"05/21/2014 22:35:00","GENESE",61753,42.57,0.51,0.00
"05/21/2014 22:35:00","H Q",61844,40.88,-1.18,0.00
"05/21/2014 22:35:00","HUD VL",61758,45.72,3.66,0.00
"05/21/2014 22:35:00","LONGIL",61762,46.27,4.21,0.00
"05/21/2014 22:35:00","MHK VL",61756,42.86,0.80,0.00
"05/21/2014 22:35:00","MILLWD",61759,45.63,3.57,0.00
"05/21/2014 22:35:00","N.Y.C.",61761,45.80,3.74,0.00
"05/21/2014 22:35:00","NORTH",61755,39.66,-2.40,0.00
"05/21/2014 22:35:00","NPX",61845,44.29,2.23,0.00
"05/21/2014 22:35:00","O H",61846,40.38,-1.68,0.00
"05/21/2014 22:35:00","PJM",61847,43.70,1.64,0.00
"05/21/2014 22:35:00","WEST",61752,40.97,-1.09,0.00
"05/21/2014 22:40:00","CAPITL",61757,43.76,1.52,0.00
"05/21/2014 22:40:00","CENTRL",61754,43.04,0.80,0.00
"05/21/2014 22:40:00","DUNWOD",61760,45.87,3.63,0.00
"05/21/2014 22:40:00","GENESE",61753,42.66,0.42,0.00
"05/21/2014 22:40:00","H Q",61844,41.06,-1.18,0.00
"05/21/2014 22:40:00","HUD VL",61758,45.96,3.72,0.00
"05/21/2014 22:40:00","LONGIL",61762,46.50,4.26,0.00
"05/21/2014 22:40:00","MHK VL",61756,43.00,0.76,0.00
"05/21/2014 22:40:00","MILLWD",61759,45.91,3.67,0.00
"05/21/2014 22:40:00","N.Y.C.",61761,46.08,3.84,0.00
"05/21/2014 22:40:00","NORTH",61755,39.75,-2.49,0.00
"05/21/2014 22:40:00","NPX",61845,44.52,2.28,0.00
"05/21/2014 22:40:00","O H",61846,40.42,-1.82,0.00
"05/21/2014 22:40:00","PJM",61847,43.93,1.69,0.00
"05/21/2014 22:40:00","WEST",61752,40.97,-1.27,0.00
"05/21/2014 22:45:00","CAPITL",61757,42.17,1.46,0.00
"05/21/2014 22:45:00","CENTRL",61754,41.35,0.65,0.00
"05/21/2014 22:45:00","DUNWOD",61760,44.24,3.54,0.00
"05/21/2014 22:45:00","GENESE",61753,40.95,0.25,0.00
"05/21/2014 22:45:00","H Q",61844,39.56,-1.14,0.00
"05/21/2014 22:45:00","HUD VL",61758,44.32,3.62,0.00
"05/21/2014 22:45:00","LONGIL",61762,44.73,4.03,0.00
"05/21/2014 22:45:00","MHK VL",61756,41.44,0.73,0.00
"05/21/2014 22:45:00","MILLWD",61759,44.29,3.58,0.00
"05/21/2014 22:45:00","N.Y.C.",61761,44.49,3.79,0.00
"05/21/2014 22:45:00","NORTH",61755,38.34,-2.36,0.00
"05/21/2014 22:45:00","NPX",61845,42.94,2.24,0.00
"05/21/2014 22:45:00","O H",61846,38.67,-2.03,0.00
"05/21/2014 22:45:00","PJM",61847,42.25,1.55,0.00
"05/21/2014 22:45:00","WEST",61752,39.20,-1.51,0.00
"05/21/2014 22:50:00","CAPITL",61757,43.94,1.57,0.00
"05/21/2014 22:50:00","CENTRL",61754,43.05,0.68,0.00
"05/21/2014 22:50:00","DUNWOD",61760,46.06,3.68,0.00
"05/21/2014 22:50:00","GENESE",61753,42.67,0.30,0.00
"05/21/2014 22:50:00","H Q",61844,41.19,-1.19,0.00
"05/21/2014 22:50:00","HUD VL",61758,46.14,3.77,0.00
"05/21/2014 22:50:00","LONGIL",61762,46.70,4.32,0.00
"05/21/2014 22:50:00","MHK VL",61756,43.09,0.72,0.00
"05/21/2014 22:50:00","MILLWD",61759,46.10,3.73,0.00
"05/21/2014 22:50:00","N.Y.C.",61761,46.31,3.94,0.00
"05/21/2014 22:50:00","NORTH",61755,39.91,-2.46,0.00
"05/21/2014 22:50:00","NPX",61845,44.74,2.37,0.00
"05/21/2014 22:50:00","O H",61846,40.38,-1.99,0.00
"05/21/2014 22:50:00","PJM",61847,43.98,1.61,0.00
"05/21/2014 22:50:00","WEST",61752,40.93,-1.44,0.00
"05/21/2014 22:55:00","CAPITL",61757,40.38,1.36,0.00
"05/21/2014 22:55:00","CENTRL",61754,39.75,0.74,0.00
"05/21/2014 22:55:00","DUNWOD",61760,42.41,3.39,0.00
"05/21/2014 22:55:00","GENESE",61753,39.36,0.35,0.00
"05/21/2014 22:55:00","H Q",61844,37.88,-1.13,0.00
"05/21/2014 22:55:00","HUD VL",61758,42.48,3.47,0.00
"05/21/2014 22:55:00","LONGIL",61762,43.07,4.06,0.00
"05/21/2014 22:55:00","MHK VL",61756,39.68,0.66,0.00
"05/21/2014 22:55:00","MILLWD",61759,42.45,3.43,0.00
"05/21/2014 22:55:00","N.Y.C.",61761,42.68,3.67,0.00
"05/21/2014 22:55:00","NORTH",61755,36.67,-2.34,0.00
"05/21/2014 22:55:00","NPX",61845,41.16,2.14,0.00
"05/21/2014 22:55:00","O H",61846,37.38,-1.64,0.00
"05/21/2014 22:55:00","PJM",61847,40.61,1.60,0.00
"05/21/2014 22:55:00","WEST",61752,37.88,-1.13,0.00
"05/21/2014 23:00:00","CAPITL",61757,61.10,2.01,0.00
"05/21/2014 23:00:00","CENTRL",61754,59.86,0.77,0.00
"05/21/2014 23:00:00","DUNWOD",61760,64.41,5.32,0.00
"05/21/2014 23:00:00","GENESE",61753,59.33,0.24,0.00
"05/21/2014 23:00:00","H Q",61844,57.50,-1.59,0.00
"05/21/2014 23:00:00","HUD VL",61758,64.47,5.38,0.00
"05/21/2014 23:00:00","LONGIL",61762,159.55,7.09,-93.37
"05/21/2014 23:00:00","MHK VL",61756,60.04,0.94,0.00
"05/21/2014 23:00:00","MILLWD",61759,64.47,5.38,0.00
"05/21/2014 23:00:00","N.Y.C.",61761,64.82,5.73,0.00
"05/21/2014 23:00:00","NORTH",61755,55.73,-3.37,0.00
"05/21/2014 23:00:00","NPX",61845,62.34,3.25,0.00
"05/21/2014 23:00:00","O H",61846,56.08,-3.01,0.00
"05/21/2014 23:00:00","PJM",61847,61.28,2.19,0.00
"05/21/2014 23:00:00","WEST",61752,56.91,-2.19,0.00
"05/21/2014 23:05:00","CAPITL",61757,54.55,1.69,0.00
"05/21/2014 23:05:00","CENTRL",61754,53.49,0.64,0.00
"05/21/2014 23:05:00","DUNWOD",61760,57.51,4.65,0.00
"05/21/2014 23:05:00","GENESE",61753,53.12,0.27,0.00
"05/21/2014 23:05:00","H Q",61844,51.54,-1.32,0.00
"05/21/2014 23:05:00","HUD VL",61758,57.56,4.70,0.00
"05/21/2014 23:05:00","LONGIL",61762,58.93,6.08,0.00
"05/21/2014 23:05:00","MHK VL",61756,53.70,0.84,0.00
"05/21/2014 23:05:00","MILLWD",61759,57.56,4.70,0.00
"05/21/2014 23:05:00","N.Y.C.",61761,57.93,5.07,0.00
"05/21/2014 23:05:00","NORTH",61755,50.00,-2.85,0.00
"05/21/2014 23:05:00","NPX",61845,55.65,2.80,0.00
"05/21/2014 23:05:00","O H",61846,50.37,-2.48,0.00
"05/21/2014 23:05:00","PJM",61847,54.75,1.90,0.00
"05/21/2014 23:05:00","WEST",61752,51.06,-1.80,0.00
"05/21/2014 23:10:00","CAPITL",61757,43.14,1.30,0.00
"05/21/2014 23:10:00","CENTRL",61754,42.47,0.63,0.00
"05/21/2014 23:10:00","DUNWOD",61760,45.31,3.47,0.00
"05/21/2014 23:10:00","GENESE",61753,42.26,0.42,0.00
"05/21/2014 23:10:00","H Q",61844,40.84,-1.00,0.00
"05/21/2014 23:10:00","HUD VL",61758,45.36,3.52,0.00
"05/21/2014 23:10:00","LONGIL",61762,46.27,4.43,0.00
"05/21/2014 23:10:00","MHK VL",61756,42.47,0.63,0.00
"05/21/2014 23:10:00","MILLWD",61759,45.31,3.47,0.00
"05/21/2014 23:10:00","N.Y.C.",61761,45.56,3.72,0.00
"05/21/2014 23:10:00","NORTH",61755,39.71,-2.13,0.00
"05/21/2014 23:10:00","NPX",61845,43.97,2.13,0.00
"05/21/2014 23:10:00","O H",61846,40.21,-1.63,0.00
"05/21/2014 23:10:00","PJM",61847,43.34,1.50,0.00
"05/21/2014 23:10:00","WEST",61752,40.84,-1.00,0.00
"05/21/2014 23:15:00","CAPITL",61757,39.59,1.15,0.00
"05/21/2014 23:15:00","CENTRL",61754,39.09,0.65,0.00
"05/21/2014 23:15:00","DUNWOD",61760,41.55,3.11,0.00
"05/21/2014 23:15:00","GENESE",61753,38.79,0.35,0.00
"05/21/2014 23:15:00","H Q",61844,37.52,-0.92,0.00
"05/21/2014 23:15:00","HUD VL",61758,41.59,3.15,0.00
"05/21/2014 23:15:00","LONGIL",61762,42.48,4.04,0.00
"05/21/2014 23:15:00","MHK VL",61756,39.05,0.61,0.00
"05/21/2014 23:15:00","MILLWD",61759,41.55,3.11,0.00
"05/21/2014 23:15:00","N.Y.C.",61761,41.78,3.34,0.00
"05/21/2014 23:15:00","NORTH",61755,36.56,-1.88,0.00
"05/21/2014 23:15:00","NPX",61845,40.32,1.88,0.00
"05/21/2014 23:15:00","O H",61846,36.98,-1.46,0.00
"05/21/2014 23:15:00","PJM",61847,39.82,1.38,0.00
"05/21/2014 23:15:00","WEST",61752,37.48,-0.96,0.00
"05/21/2014 23:20:00","CAPITL",61757,38.40,1.08,0.00
"05/21/2014 23:20:00","CENTRL",61754,37.91,0.60,0.00
"05/21/2014 23:20:00","DUNWOD",61760,40.30,2.99,0.00
"05/21/2014 23:20:00","GENESE",61753,37.69,0.37,0.00
"05/21/2014 23:20:00","H Q",61844,36.46,-0.86,0.00
"05/21/2014 23:20:00","HUD VL",61758,40.33,3.02,0.00
"05/21/2014 23:20:00","LONGIL",61762,41.19,3.88,0.00
"05/21/2014 23:20:00","MHK VL",61756,37.87,0.56,0.00
"05/21/2014 23:20:00","MILLWD",61759,40.30,2.99,0.00
"05/21/2014 23:20:00","N.Y.C.",61761,40.52,3.21,0.00
"05/21/2014 23:20:00","NORTH",61755,35.56,-1.75,0.00
"05/21/2014 23:20:00","NPX",61845,39.10,1.79,0.00
"05/21/2014 23:20:00","O H",61846,35.93,-1.38,0.00
"05/21/2014 23:20:00","PJM",61847,38.62,1.31,0.00
"05/21/2014 23:20:00","WEST",61752,36.46,-0.86,0.00
"05/21/2014 23:25:00","CAPITL",61757,37.48,1.02,0.00
"05/21/2014 23:25:00","CENTRL",61754,37.04,0.58,0.00
"05/21/2014 23:25:00","DUNWOD",61760,39.38,2.92,0.00
"05/21/2014 23:25:00","GENESE",61753,36.86,0.40,0.00
"05/21/2014 23:25:00","H Q",61844,35.62,-0.84,0.00
"05/21/2014 23:25:00","HUD VL",61758,39.41,2.95,0.00
"05/21/2014 23:25:00","LONGIL",61762,40.22,3.76,0.00
"05/21/2014 23:25:00","MHK VL",61756,37.01,0.55,0.00
"05/21/2014 23:25:00","MILLWD",61759,39.38,2.92,0.00
"05/21/2014 23:25:00","N.Y.C.",61761,39.63,3.17,0.00
"05/21/2014 23:25:00","NORTH",61755,34.78,-1.68,0.00
"05/21/2014 23:25:00","NPX",61845,38.17,1.71,0.00
"05/21/2014 23:25:00","O H",61846,35.22,-1.24,0.00
"05/21/2014 23:25:00","PJM",61847,37.77,1.31,0.00
"05/21/2014 23:25:00","WEST",61752,35.73,-0.73,0.00
"05/21/2014 23:30:00","CAPITL",61757,37.07,0.97,0.00
"05/21/2014 23:30:00","CENTRL",61754,36.78,0.68,0.00
"05/21/2014 23:30:00","DUNWOD",61760,38.95,2.85,0.00
"05/21/2014 23:30:00","GENESE",61753,36.56,0.47,0.00
"05/21/2014 23:30:00","H Q",61844,35.27,-0.83,0.00
"05/21/2014 23:30:00","HUD VL",61758,38.98,2.89,0.00
"05/21/2014 23:30:00","LONGIL",61762,39.78,3.68,0.00
"05/21/2014 23:30:00","MHK VL",61756,36.64,0.54,0.00
"05/21/2014 23:30:00","MILLWD",61759,38.95,2.85,0.00
"05/21/2014 23:30:00","N.Y.C.",61761,39.20,3.10,0.00
"05/21/2014 23:30:00","NORTH",61755,34.40,-1.70,0.00
"05/21/2014 23:30:00","NPX",61845,37.76,1.66,0.00
"05/21/2014 23:30:00","O H",61846,35.05,-1.05,0.00
"05/21/2014 23:30:00","PJM",61847,37.50,1.41,0.00
"05/21/2014 23:30:00","WEST",61752,35.52,-0.58,0.00
"05/21/2014 23:35:00","CAPITL",61757,35.82,1.01,0.00
"05/21/2014 23:35:00","CENTRL",61754,35.37,0.56,0.00
"05/21/2014 23:35:00","DUNWOD",61760,37.63,2.82,0.00
"05/21/2014 23:35:00","GENESE",61753,35.16,0.35,0.00
"05/21/2014 23:35:00","H Q",61844,34.01,-0.80,0.00
"05/21/2014 23:35:00","HUD VL",61758,37.67,2.86,0.00
"05/21/2014 23:35:00","LONGIL",61762,38.40,3.59,0.00
"05/21/2014 23:35:00","MHK VL",61756,35.34,0.52,0.00
"05/21/2014 23:35:00","MILLWD",61759,37.63,2.82,0.00
"05/21/2014 23:35:00","N.Y.C.",61761,37.91,3.10,0.00
"05/21/2014 23:35:00","NORTH",61755,33.14,-1.67,0.00
"05/21/2014 23:35:00","NPX",61845,36.52,1.71,0.00
"05/21/2014 23:35:00","O H",61846,33.59,-1.22,0.00
"05/21/2014 23:35:00","PJM",61847,36.10,1.29,0.00
"05/21/2014 23:35:00","WEST",61752,34.08,-0.73,0.00
"05/21/2014 23:40:00","CAPITL",61757,35.82,1.08,0.00
"05/21/2014 23:40:00","CENTRL",61754,35.30,0.55,0.00
"05/21/2014 23:40:00","DUNWOD",61760,37.63,2.88,0.00
"05/21/2014 23:40:00","GENESE",61753,34.99,0.24,0.00
"05/21/2014 23:40:00","H Q",61844,33.91,-0.83,0.00
"05/21/2014 23:40:00","HUD VL",61758,37.63,2.88,0.00
"05/21/2014 23:40:00","LONGIL",61762,38.29,3.55,0.00
"05/21/2014 23:40:00","MHK VL",61756,35.27,0.52,0.00
"05/21/2014 23:40:00","MILLWD",61759,37.60,2.85,0.00
"05/21/2014 23:40:00","N.Y.C.",61761,37.84,3.09,0.00
"05/21/2014 23:40:00","NORTH",61755,32.98,-1.77,0.00
"05/21/2014 23:40:00","NPX",61845,36.48,1.74,0.00
"05/21/2014 23:40:00","O H",61846,33.39,-1.36,0.00
"05/21/2014 23:40:00","PJM",61847,36.10,1.35,0.00
"05/21/2014 23:40:00","WEST",61752,33.81,-0.94,0.00
"05/21/2014 23:45:00","CAPITL",61757,35.86,1.08,0.00
"05/21/2014 23:45:00","CENTRL",61754,35.41,0.63,0.00
"05/21/2014 23:45:00","DUNWOD",61760,37.59,2.82,0.00
"05/21/2014 23:45:00","GENESE",61753,35.13,0.35,0.00
"05/21/2014 23:45:00","H Q",61844,33.94,-0.84,0.00
"05/21/2014 23:45:00","HUD VL",61758,37.63,2.85,0.00
"05/21/2014 23:45:00","LONGIL",61762,38.22,3.44,0.00
"05/21/2014 23:45:00","MHK VL",61756,35.30,0.52,0.00
"05/21/2014 23:45:00","MILLWD",61759,37.59,2.82,0.00
"05/21/2014 23:45:00","N.Y.C.",61761,37.80,3.02,0.00
"05/21/2014 23:45:00","NORTH",61755,33.04,-1.74,0.00
"05/21/2014 23:45:00","NPX",61845,36.48,1.70,0.00
"05/21/2014 23:45:00","O H",61846,33.63,-1.15,0.00
"05/21/2014 23:45:00","PJM",61847,36.13,1.36,0.00
"05/21/2014 23:45:00","WEST",61752,34.05,-0.73,0.00
"05/21/2014 23:50:00","CAPITL",61757,35.00,1.12,0.00
"05/21/2014 23:50:00","CENTRL",61754,34.39,0.51,0.00
"05/21/2014 23:50:00","DUNWOD",61760,36.63,2.74,0.00
"05/21/2014 23:50:00","GENESE",61753,34.16,0.27,0.00
"05/21/2014 23:50:00","H Q",61844,33.07,-0.81,0.00
"05/21/2014 23:50:00","HUD VL",61758,36.66,2.78,0.00
"05/21/2014 23:50:00","LONGIL",61762,37.27,3.39,0.00
"05/21/2014 23:50:00","MHK VL",61756,34.36,0.47,0.00
"05/21/2014 23:50:00","MILLWD",61759,36.63,2.74,0.00
"05/21/2014 23:50:00","N.Y.C.",61761,36.87,2.98,0.00
"05/21/2014 23:50:00","NORTH",61755,32.19,-1.69,0.00
"05/21/2014 23:50:00","NPX",61845,35.61,1.73,0.00
"05/21/2014 23:50:00","O H",61846,32.63,-1.25,0.00
"05/21/2014 23:50:00","PJM",61847,35.14,1.25,0.00
"05/21/2014 23:50:00","WEST",61752,33.07,-0.81,0.00
"05/21/2014 23:55:00","CAPITL",61757,30.74,0.95,0.00
"05/21/2014 23:55:00","CENTRL",61754,30.26,0.48,0.00
"05/21/2014 23:55:00","DUNWOD",61760,32.17,2.38,0.00
"05/21/2014 23:55:00","GENESE",61753,30.08,0.30,0.00
"05/21/2014 23:55:00","H Q",61844,29.07,-0.72,0.00
"05/21/2014 23:55:00","HUD VL",61758,32.20,2.41,0.00
"05/21/2014 23:55:00","LONGIL",61762,32.73,2.95,0.00
"05/21/2014 23:55:00","MHK VL",61756,30.20,0.42,0.00
"05/21/2014 23:55:00","MILLWD",61759,32.17,2.38,0.00
"05/21/2014 23:55:00","N.Y.C.",61761,32.35,2.56,0.00
"05/21/2014 23:55:00","NORTH",61755,28.30,-1.49,0.00
"05/21/2014 23:55:00","NPX",61845,31.27,1.49,0.00
"05/21/2014 23:55:00","O H",61846,28.83,-0.95,0.00
"05/21/2014 23:55:00","PJM",61847,30.92,1.13,0.00
"05/21/2014 23:55:00","WEST",61752,29.22,-0.57,0.00
"05/22/2014 00:00:00","CAPITL",61757,37.05,1.22,0.00
"05/22/2014 00:00:00","CENTRL",61754,36.33,0.50,0.00
"05/22/2014 00:00:00","DUNWOD",61760,38.80,2.97,0.00
"05/22/2014 00:00:00","GENESE",61753,35.83,0.00,0.00
"05/22/2014 00:00:00","H Q",61844,34.97,-0.86,0.00
"05/22/2014 00:00:00","HUD VL",61758,38.80,2.97,0.00
"05/22/2014 00:00:00","LONGIL",61762,52.27,3.69,-12.76
"05/22/2014 00:00:00","MHK VL",61756,36.29,0.46,0.00
"05/22/2014 00:00:00","MILLWD",61759,38.80,2.97,0.00
"05/22/2014 00:00:00","N.Y.C.",61761,39.05,3.23,0.00
"05/22/2014 00:00:00","NORTH",61755,34.00,-1.83,0.00
"05/22/2014 00:00:00","NPX",61845,37.65,1.83,0.00
"05/22/2014 00:00:00","O H",61846,34.14,-1.68,0.00
"05/22/2014 00:00:00","PJM",61847,37.15,1.33,0.00
"05/22/2014 00:00:00","WEST",61752,34.47,-1.36,0.00
