"Time Stamp","Time Zone","Name","PTID","Load"
"07/29/2015 00:00:00","EDT","CAPITL",61757,1621.6
"07/29/2015 00:00:00","EDT","CENTRL",61754,1895.6
"07/29/2015 00:00:00","EDT","DUNWOD",61760,952.2
"07/29/2015 00:00:00","EDT","GENESE",61753,1287.5
"07/29/2015 00:00:00","EDT","HUD VL",61758,1375.8
"07/29/2015 00:00:00","EDT","LONGIL",61762,3329.7
"07/29/2015 00:00:00","EDT","MHK VL",61756,977.4
"07/29/2015 00:00:00","EDT","MILLWD",61759,394.7
"07/29/2015 00:00:00","EDT","N.Y.C.",61761,8127.3
"07/29/2015 00:00:00","EDT","NORTH",61755,476.9
"07/29/2015 00:00:00","EDT","WEST",61752,1964.8
"07/29/2015 00:05:00","EDT","CAPITL",61757,1595.1
"07/29/2015 00:05:00","EDT","CENTRL",61754,1826.5
"07/29/2015 00:05:00","EDT","DUNWOD",61760,939
"07/29/2015 00:05:00","EDT","GENESE",61753,1271.1
"07/29/2015 00:05:00","EDT","HUD VL",61758,1365.2
"07/29/2015 00:05:00","EDT","LONGIL",61762,3294.2
"07/29/2015 00:05:00","EDT","MHK VL",61756,960.8
"07/29/2015 00:05:00","EDT","MILLWD",61759,384.2
"07/29/2015 00:05:00","EDT","N.Y.C.",61761,8083.9
"07/29/2015 00:05:00","EDT","NORTH",61755,487.2
"07/29/2015 00:05:00","EDT","WEST",61752,1944.5
"07/29/2015 00:10:00","EDT","CAPITL",61757,1593.9
"07/29/2015 00:10:00","EDT","CENTRL",61754,1820.9
"07/29/2015 00:10:00","EDT","DUNWOD",61760,919.2
"07/29/2015 00:10:00","EDT","GENESE",61753,1264.2
"07/29/2015 00:10:00","EDT","HUD VL",61758,1350.7
"07/29/2015 00:10:00","EDT","LONGIL",61762,3283
"07/29/2015 00:10:00","EDT","MHK VL",61756,945.6
"07/29/2015 00:10:00","EDT","MILLWD",61759,387.3
"07/29/2015 00:10:00","EDT","N.Y.C.",61761,8010.6
"07/29/2015 00:10:00","EDT","NORTH",61755,481.9
"07/29/2015 00:10:00","EDT","WEST",61752,1924.8
"07/29/2015 00:15:00","EDT","CAPITL",61757,1578.4
"07/29/2015 00:15:00","EDT","CENTRL",61754,1888.3
"07/29/2015 00:15:00","EDT","DUNWOD",61760,918.9
"07/29/2015 00:15:00","EDT","GENESE",61753,1256.2
"07/29/2015 00:15:00","EDT","HUD VL",61758,1350.9
"07/29/2015 00:15:00","EDT","LONGIL",61762,3249.5
"07/29/2015 00:15:00","EDT","MHK VL",61756,949.3
"07/29/2015 00:15:00","EDT","MILLWD",61759,389.3
"07/29/2015 00:15:00","EDT","N.Y.C.",61761,7971.6
"07/29/2015 00:15:00","EDT","NORTH",61755,477.2
"07/29/2015 00:15:00","EDT","WEST",61752,1915.6
"07/29/2015 00:20:00","EDT","CAPITL",61757,1566.9
"07/29/2015 00:20:00","EDT","CENTRL",61754,1861.9
"07/29/2015 00:20:00","EDT","DUNWOD",61760,913.7
"07/29/2015 00:20:00","EDT","GENESE",61753,1249
"07/29/2015 00:20:00","EDT","HUD VL",61758,1342.4
"07/29/2015 00:20:00","EDT","LONGIL",61762,3217.4
"07/29/2015 00:20:00","EDT","MHK VL",61756,947.9
"07/29/2015 00:20:00","EDT","MILLWD",61759,388.9
"07/29/2015 00:20:00","EDT","N.Y.C.",61761,7913.6
"07/29/2015 00:20:00","EDT","NORTH",61755,475.5
"07/29/2015 00:20:00","EDT","WEST",61752,1915.3
"07/29/2015 00:25:00","EDT","CAPITL",61757,1562.1
"07/29/2015 00:25:00","EDT","CENTRL",61754,1848.1
"07/29/2015 00:25:00","EDT","DUNWOD",61760,902.7
"07/29/2015 00:25:00","EDT","GENESE",61753,1245.3
"07/29/2015 00:25:00","EDT","HUD VL",61758,1337.9
"07/29/2015 00:25:00","EDT","LONGIL",61762,3193.9
"07/29/2015 00:25:00","EDT","MHK VL",61756,934.7
"07/29/2015 00:25:00","EDT","MILLWD",61759,374
"07/29/2015 00:25:00","EDT","N.Y.C.",61761,7885.4
"07/29/2015 00:25:00","EDT","NORTH",61755,480.6
"07/29/2015 00:25:00","EDT","WEST",61752,1906
"07/29/2015 00:30:00","EDT","CAPITL",61757,1557.2
"07/29/2015 00:30:00","EDT","CENTRL",61754,1825.8
"07/29/2015 00:30:00","EDT","DUNWOD",61760,901.2
"07/29/2015 00:30:00","EDT","GENESE",61753,1226.8
"07/29/2015 00:30:00","EDT","HUD VL",61758,1313.2
"07/29/2015 00:30:00","EDT","LONGIL",61762,3159.5
"07/29/2015 00:30:00","EDT","MHK VL",61756,937
"07/29/2015 00:30:00","EDT","MILLWD",61759,381.2
"07/29/2015 00:30:00","EDT","N.Y.C.",61761,7859.2
"07/29/2015 00:30:00","EDT","NORTH",61755,487.9
"07/29/2015 00:30:00","EDT","WEST",61752,1914.6
"07/29/2015 00:35:00","EDT","CAPITL",61757,1538.2
"07/29/2015 00:35:00","EDT","CENTRL",61754,1845.5
"07/29/2015 00:35:00","EDT","DUNWOD",61760,904.6
"07/29/2015 00:35:00","EDT","GENESE",61753,1224.6
"07/29/2015 00:35:00","EDT","HUD VL",61758,1313.6
"07/29/2015 00:35:00","EDT","LONGIL",61762,3161.4
"07/29/2015 00:35:00","EDT","MHK VL",61756,926.4
"07/29/2015 00:35:00","EDT","MILLWD",61759,378.9
"07/29/2015 00:35:00","EDT","N.Y.C.",61761,7801
"07/29/2015 00:35:00","EDT","NORTH",61755,468.8
"07/29/2015 00:35:00","EDT","WEST",61752,1885.3
"07/29/2015 00:40:00","EDT","CAPITL",61757,1529.9
"07/29/2015 00:40:00","EDT","CENTRL",61754,1855.3
"07/29/2015 00:40:00","EDT","DUNWOD",61760,917
"07/29/2015 00:40:00","EDT","GENESE",61753,1202.4
"07/29/2015 00:40:00","EDT","HUD VL",61758,1326.2
"07/29/2015 00:40:00","EDT","LONGIL",61762,3115.5
"07/29/2015 00:40:00","EDT","MHK VL",61756,908.1
"07/29/2015 00:40:00","EDT","MILLWD",61759,338.3
"07/29/2015 00:40:00","EDT","N.Y.C.",61761,7768.1
"07/29/2015 00:40:00","EDT","NORTH",61755,489.7
"07/29/2015 00:40:00","EDT","WEST",61752,1881.6
"07/29/2015 00:45:00","EDT","CAPITL",61757,1544.6
"07/29/2015 00:45:00","EDT","CENTRL",61754,1828.6
"07/29/2015 00:45:00","EDT","DUNWOD",61760,891.1
"07/29/2015 00:45:00","EDT","GENESE",61753,1199.6
"07/29/2015 00:45:00","EDT","HUD VL",61758,1283.8
"07/29/2015 00:45:00","EDT","LONGIL",61762,3102.4
"07/29/2015 00:45:00","EDT","MHK VL",61756,916.6
"07/29/2015 00:45:00","EDT","MILLWD",61759,363.5
"07/29/2015 00:45:00","EDT","N.Y.C.",61761,7732.8
"07/29/2015 00:45:00","EDT","NORTH",61755,494
"07/29/2015 00:45:00","EDT","WEST",61752,1883.1
"07/29/2015 00:50:00","EDT","CAPITL",61757,1517.6
"07/29/2015 00:50:00","EDT","CENTRL",61754,1767.1
"07/29/2015 00:50:00","EDT","DUNWOD",61760,880.1
"07/29/2015 00:50:00","EDT","GENESE",61753,1197.7
"07/29/2015 00:50:00","EDT","HUD VL",61758,1275.6
"07/29/2015 00:50:00","EDT","LONGIL",61762,3089.7
"07/29/2015 00:50:00","EDT","MHK VL",61756,917.3
"07/29/2015 00:50:00","EDT","MILLWD",61759,362.5
"07/29/2015 00:50:00","EDT","N.Y.C.",61761,7672.9
"07/29/2015 00:50:00","EDT","NORTH",61755,472.4
"07/29/2015 00:50:00","EDT","WEST",61752,1850.6
"07/29/2015 00:55:00","EDT","CAPITL",61757,1503.1
"07/29/2015 00:55:00","EDT","CENTRL",61754,1777.6
"07/29/2015 00:55:00","EDT","DUNWOD",61760,868.3
"07/29/2015 00:55:00","EDT","GENESE",61753,1191.6
"07/29/2015 00:55:00","EDT","HUD VL",61758,1266.4
"07/29/2015 00:55:00","EDT","LONGIL",61762,3073.5
"07/29/2015 00:55:00","EDT","MHK VL",61756,906.9
"07/29/2015 00:55:00","EDT","MILLWD",61759,360.1
"07/29/2015 00:55:00","EDT","N.Y.C.",61761,7671.8
"07/29/2015 00:55:00","EDT","NORTH",61755,468.6
"07/29/2015 00:55:00","EDT","WEST",61752,1844.6
"07/29/2015 01:00:00","EDT","CAPITL",61757,1501.7
"07/29/2015 01:00:00","EDT","CENTRL",61754,1756.9
"07/29/2015 01:00:00","EDT","DUNWOD",61760,869.8
"07/29/2015 01:00:00","EDT","GENESE",61753,1186.2
"07/29/2015 01:00:00","EDT","HUD VL",61758,1246.4
"07/29/2015 01:00:00","EDT","LONGIL",61762,3046.6
"07/29/2015 01:00:00","EDT","MHK VL",61756,910.4
"07/29/2015 01:00:00","EDT","MILLWD",61759,359.6
"07/29/2015 01:00:00","EDT","N.Y.C.",61761,7630.4
"07/29/2015 01:00:00","EDT","NORTH",61755,465.3
"07/29/2015 01:00:00","EDT","WEST",61752,1832.4
"07/29/2015 01:05:00","EDT","CAPITL",61757,1494.5
"07/29/2015 01:05:00","EDT","CENTRL",61754,1752.4
"07/29/2015 01:05:00","EDT","DUNWOD",61760,872.7
"07/29/2015 01:05:00","EDT","GENESE",61753,1176.2
"07/29/2015 01:05:00","EDT","HUD VL",61758,1240.7
"07/29/2015 01:05:00","EDT","LONGIL",61762,3026.1
"07/29/2015 01:05:00","EDT","MHK VL",61756,908.8
"07/29/2015 01:05:00","EDT","MILLWD",61759,353.4
"07/29/2015 01:05:00","EDT","N.Y.C.",61761,7593
"07/29/2015 01:05:00","EDT","NORTH",61755,468.4
"07/29/2015 01:05:00","EDT","WEST",61752,1823.5
"07/29/2015 01:10:00","EDT","CAPITL",61757,1476.8
"07/29/2015 01:10:00","EDT","CENTRL",61754,1734.4
"07/29/2015 01:10:00","EDT","DUNWOD",61760,860.2
"07/29/2015 01:10:00","EDT","GENESE",61753,1170.3
"07/29/2015 01:10:00","EDT","HUD VL",61758,1247.3
"07/29/2015 01:10:00","EDT","LONGIL",61762,3005.7
"07/29/2015 01:10:00","EDT","MHK VL",61756,897
"07/29/2015 01:10:00","EDT","MILLWD",61759,350.9
"07/29/2015 01:10:00","EDT","N.Y.C.",61761,7552.3
"07/29/2015 01:10:00","EDT","NORTH",61755,479.9
"07/29/2015 01:10:00","EDT","WEST",61752,1823.6
"07/29/2015 01:15:00","EDT","CAPITL",61757,1485.7
"07/29/2015 01:15:00","EDT","CENTRL",61754,1719.2
"07/29/2015 01:15:00","EDT","DUNWOD",61760,861.3
"07/29/2015 01:15:00","EDT","GENESE",61753,1180
"07/29/2015 01:15:00","EDT","HUD VL",61758,1272.1
"07/29/2015 01:15:00","EDT","LONGIL",61762,2985.5
"07/29/2015 01:15:00","EDT","MHK VL",61756,872.9
"07/29/2015 01:15:00","EDT","MILLWD",61759,323.3
"07/29/2015 01:15:00","EDT","N.Y.C.",61761,7520.9
"07/29/2015 01:15:00","EDT","NORTH",61755,479.6
"07/29/2015 01:15:00","EDT","WEST",61752,1798.9
"07/29/2015 01:20:00","EDT","CAPITL",61757,1476.2
"07/29/2015 01:20:00","EDT","CENTRL",61754,1728.6
"07/29/2015 01:20:00","EDT","DUNWOD",61760,852.7
"07/29/2015 01:20:00","EDT","GENESE",61753,1169.7
"07/29/2015 01:20:00","EDT","HUD VL",61758,1233.7
"07/29/2015 01:20:00","EDT","LONGIL",61762,2964
"07/29/2015 01:20:00","EDT","MHK VL",61756,904.5
"07/29/2015 01:20:00","EDT","MILLWD",61759,338.4
"07/29/2015 01:20:00","EDT","N.Y.C.",61761,7493.9
"07/29/2015 01:20:00","EDT","NORTH",61755,459.4
"07/29/2015 01:20:00","EDT","WEST",61752,1798.1
"07/29/2015 01:25:00","EDT","CAPITL",61757,1469.7
"07/29/2015 01:25:00","EDT","CENTRL",61754,1720.2
"07/29/2015 01:25:00","EDT","DUNWOD",61760,844.9
"07/29/2015 01:25:00","EDT","GENESE",61753,1158.9
"07/29/2015 01:25:00","EDT","HUD VL",61758,1222.3
"07/29/2015 01:25:00","EDT","LONGIL",61762,2956
"07/29/2015 01:25:00","EDT","MHK VL",61756,906.1
"07/29/2015 01:25:00","EDT","MILLWD",61759,346.9
"07/29/2015 01:25:00","EDT","N.Y.C.",61761,7472
"07/29/2015 01:25:00","EDT","NORTH",61755,463.8
"07/29/2015 01:25:00","EDT","WEST",61752,1790.8
"07/29/2015 01:30:00","EDT","CAPITL",61757,1460
"07/29/2015 01:30:00","EDT","CENTRL",61754,1703
"07/29/2015 01:30:00","EDT","DUNWOD",61760,842.1
"07/29/2015 01:30:00","EDT","GENESE",61753,1141.2
"07/29/2015 01:30:00","EDT","HUD VL",61758,1202.5
"07/29/2015 01:30:00","EDT","LONGIL",61762,2935.1
"07/29/2015 01:30:00","EDT","MHK VL",61756,891.9
"07/29/2015 01:30:00","EDT","MILLWD",61759,350.7
"07/29/2015 01:30:00","EDT","N.Y.C.",61761,7443.6
"07/29/2015 01:30:00","EDT","NORTH",61755,475.2
"07/29/2015 01:30:00","EDT","WEST",61752,1775.8
"07/29/2015 01:35:00","EDT","CAPITL",61757,1453.3
"07/29/2015 01:35:00","EDT","CENTRL",61754,1722.1
"07/29/2015 01:35:00","EDT","DUNWOD",61760,832.8
"07/29/2015 01:35:00","EDT","GENESE",61753,1144.3
"07/29/2015 01:35:00","EDT","HUD VL",61758,1212.1
"07/29/2015 01:35:00","EDT","LONGIL",61762,2914.1
"07/29/2015 01:35:00","EDT","MHK VL",61756,886.7
"07/29/2015 01:35:00","EDT","MILLWD",61759,342.8
"07/29/2015 01:35:00","EDT","N.Y.C.",61761,7421
"07/29/2015 01:35:00","EDT","NORTH",61755,467.2
"07/29/2015 01:35:00","EDT","WEST",61752,1775.4
"07/29/2015 01:40:00","EDT","CAPITL",61757,1455.3
"07/29/2015 01:40:00","EDT","CENTRL",61754,1696.5
"07/29/2015 01:40:00","EDT","DUNWOD",61760,838.5
"07/29/2015 01:40:00","EDT","GENESE",61753,1132.1
"07/29/2015 01:40:00","EDT","HUD VL",61758,1197
"07/29/2015 01:40:00","EDT","LONGIL",61762,2901.6
"07/29/2015 01:40:00","EDT","MHK VL",61756,879.3
"07/29/2015 01:40:00","EDT","MILLWD",61759,342.3
"07/29/2015 01:40:00","EDT","N.Y.C.",61761,7392.1
"07/29/2015 01:40:00","EDT","NORTH",61755,464.6
"07/29/2015 01:40:00","EDT","WEST",61752,1761
"07/29/2015 01:45:00","EDT","CAPITL",61757,1460.1
"07/29/2015 01:45:00","EDT","CENTRL",61754,1678.4
"07/29/2015 01:45:00","EDT","DUNWOD",61760,831.2
"07/29/2015 01:45:00","EDT","GENESE",61753,1134.2
"07/29/2015 01:45:00","EDT","HUD VL",61758,1193
"07/29/2015 01:45:00","EDT","LONGIL",61762,2882.4
"07/29/2015 01:45:00","EDT","MHK VL",61756,879.9
"07/29/2015 01:45:00","EDT","MILLWD",61759,337.4
"07/29/2015 01:45:00","EDT","N.Y.C.",61761,7334.8
"07/29/2015 01:45:00","EDT","NORTH",61755,466.5
"07/29/2015 01:45:00","EDT","WEST",61752,1760.7
"07/29/2015 01:50:00","EDT","CAPITL",61757,1455.1
"07/29/2015 01:50:00","EDT","CENTRL",61754,1687.7
"07/29/2015 01:50:00","EDT","DUNWOD",61760,832.9
"07/29/2015 01:50:00","EDT","GENESE",61753,1131
"07/29/2015 01:50:00","EDT","HUD VL",61758,1183
"07/29/2015 01:50:00","EDT","LONGIL",61762,2872.2
"07/29/2015 01:50:00","EDT","MHK VL",61756,868.4
"07/29/2015 01:50:00","EDT","MILLWD",61759,336.4
"07/29/2015 01:50:00","EDT","N.Y.C.",61761,7333
"07/29/2015 01:50:00","EDT","NORTH",61755,470.1
"07/29/2015 01:50:00","EDT","WEST",61752,1762
"07/29/2015 01:55:00","EDT","CAPITL",61757,1449.6
"07/29/2015 01:55:00","EDT","CENTRL",61754,1655.4
"07/29/2015 01:55:00","EDT","DUNWOD",61760,820.8
"07/29/2015 01:55:00","EDT","GENESE",61753,1125.5
"07/29/2015 01:55:00","EDT","HUD VL",61758,1172.5
"07/29/2015 01:55:00","EDT","LONGIL",61762,2867.7
"07/29/2015 01:55:00","EDT","MHK VL",61756,861.9
"07/29/2015 01:55:00","EDT","MILLWD",61759,335
"07/29/2015 01:55:00","EDT","N.Y.C.",61761,7268.7
"07/29/2015 01:55:00","EDT","NORTH",61755,470.9
"07/29/2015 01:55:00","EDT","WEST",61752,1763
"07/29/2015 02:00:00","EDT","CAPITL",61757,1465.2
"07/29/2015 02:00:00","EDT","CENTRL",61754,1631.9
"07/29/2015 02:00:00","EDT","DUNWOD",61760,820.9
"07/29/2015 02:00:00","EDT","GENESE",61753,1120.4
"07/29/2015 02:00:00","EDT","HUD VL",61758,1183.4
"07/29/2015 02:00:00","EDT","LONGIL",61762,2861.5
"07/29/2015 02:00:00","EDT","MHK VL",61756,852.1
"07/29/2015 02:00:00","EDT","MILLWD",61759,324.1
"07/29/2015 02:00:00","EDT","N.Y.C.",61761,7230.8
"07/29/2015 02:00:00","EDT","NORTH",61755,474.4
"07/29/2015 02:00:00","EDT","WEST",61752,1750.5
"07/29/2015 02:05:00","EDT","CAPITL",61757,1456.3
"07/29/2015 02:05:00","EDT","CENTRL",61754,1644.8
"07/29/2015 02:05:00","EDT","DUNWOD",61760,821.8
"07/29/2015 02:05:00","EDT","GENESE",61753,1102.1
"07/29/2015 02:05:00","EDT","HUD VL",61758,1161.4
"07/29/2015 02:05:00","EDT","LONGIL",61762,2832.3
"07/29/2015 02:05:00","EDT","MHK VL",61756,843
"07/29/2015 02:05:00","EDT","MILLWD",61759,357
"07/29/2015 02:05:00","EDT","N.Y.C.",61761,7238.7
"07/29/2015 02:05:00","EDT","NORTH",61755,487.7
"07/29/2015 02:05:00","EDT","WEST",61752,1794.4
"07/29/2015 02:10:00","EDT","CAPITL",61757,1439.7
"07/29/2015 02:10:00","EDT","CENTRL",61754,1665.9
"07/29/2015 02:10:00","EDT","DUNWOD",61760,816.4
"07/29/2015 02:10:00","EDT","GENESE",61753,1103.4
"07/29/2015 02:10:00","EDT","HUD VL",61758,1166.2
"07/29/2015 02:10:00","EDT","LONGIL",61762,2820.7
"07/29/2015 02:10:00","EDT","MHK VL",61756,836.9
"07/29/2015 02:10:00","EDT","MILLWD",61759,335.9
"07/29/2015 02:10:00","EDT","N.Y.C.",61761,7220.9
"07/29/2015 02:10:00","EDT","NORTH",61755,472.3
"07/29/2015 02:10:00","EDT","WEST",61752,1740.5
"07/29/2015 02:15:00","EDT","CAPITL",61757,1438.3
"07/29/2015 02:15:00","EDT","CENTRL",61754,1685.1
"07/29/2015 02:15:00","EDT","DUNWOD",61760,815
"07/29/2015 02:15:00","EDT","GENESE",61753,1102.7
"07/29/2015 02:15:00","EDT","HUD VL",61758,1129.5
"07/29/2015 02:15:00","EDT","LONGIL",61762,2808.3
"07/29/2015 02:15:00","EDT","MHK VL",61756,848.2
"07/29/2015 02:15:00","EDT","MILLWD",61759,347
"07/29/2015 02:15:00","EDT","N.Y.C.",61761,7197
"07/29/2015 02:15:00","EDT","NORTH",61755,465.4
"07/29/2015 02:15:00","EDT","WEST",61752,1745
"07/29/2015 02:20:00","EDT","CAPITL",61757,1417.9
"07/29/2015 02:20:00","EDT","CENTRL",61754,1673.7
"07/29/2015 02:20:00","EDT","DUNWOD",61760,807.7
"07/29/2015 02:20:00","EDT","GENESE",61753,1092.4
"07/29/2015 02:20:00","EDT","HUD VL",61758,1126.1
"07/29/2015 02:20:00","EDT","LONGIL",61762,2786.6
"07/29/2015 02:20:00","EDT","MHK VL",61756,844.5
"07/29/2015 02:20:00","EDT","MILLWD",61759,331.7
"07/29/2015 02:20:00","EDT","N.Y.C.",61761,7179
"07/29/2015 02:20:00","EDT","NORTH",61755,467.6
"07/29/2015 02:20:00","EDT","WEST",61752,1723.7
"07/29/2015 02:25:00","EDT","CAPITL",61757,1418.3
"07/29/2015 02:25:00","EDT","CENTRL",61754,1633.6
"07/29/2015 02:25:00","EDT","DUNWOD",61760,806
"07/29/2015 02:25:00","EDT","GENESE",61753,1095.1
"07/29/2015 02:25:00","EDT","HUD VL",61758,1133.8
"07/29/2015 02:25:00","EDT","LONGIL",61762,2785.1
"07/29/2015 02:25:00","EDT","MHK VL",61756,839.3
"07/29/2015 02:25:00","EDT","MILLWD",61759,330.5
"07/29/2015 02:25:00","EDT","N.Y.C.",61761,7155.9
"07/29/2015 02:25:00","EDT","NORTH",61755,468.8
"07/29/2015 02:25:00","EDT","WEST",61752,1729.5
"07/29/2015 02:30:00","EDT","CAPITL",61757,1405.6
"07/29/2015 02:30:00","EDT","CENTRL",61754,1612.6
"07/29/2015 02:30:00","EDT","DUNWOD",61760,805
"07/29/2015 02:30:00","EDT","GENESE",61753,1090.8
"07/29/2015 02:30:00","EDT","HUD VL",61758,1142
"07/29/2015 02:30:00","EDT","LONGIL",61762,2773.9
"07/29/2015 02:30:00","EDT","MHK VL",61756,844.2
"07/29/2015 02:30:00","EDT","MILLWD",61759,314.3
"07/29/2015 02:30:00","EDT","N.Y.C.",61761,7110.2
"07/29/2015 02:30:00","EDT","NORTH",61755,462.2
"07/29/2015 02:30:00","EDT","WEST",61752,1727.2
"07/29/2015 02:35:00","EDT","CAPITL",61757,1410.6
"07/29/2015 02:35:00","EDT","CENTRL",61754,1633.9
"07/29/2015 02:35:00","EDT","DUNWOD",61760,796.7
"07/29/2015 02:35:00","EDT","GENESE",61753,1094.1
"07/29/2015 02:35:00","EDT","HUD VL",61758,1129.5
"07/29/2015 02:35:00","EDT","LONGIL",61762,2754.5
"07/29/2015 02:35:00","EDT","MHK VL",61756,831.1
"07/29/2015 02:35:00","EDT","MILLWD",61759,321
"07/29/2015 02:35:00","EDT","N.Y.C.",61761,7093.9
"07/29/2015 02:35:00","EDT","NORTH",61755,455
"07/29/2015 02:35:00","EDT","WEST",61752,1693.6
"07/29/2015 02:40:00","EDT","CAPITL",61757,1399.6
"07/29/2015 02:40:00","EDT","CENTRL",61754,1615.3
"07/29/2015 02:40:00","EDT","DUNWOD",61760,797.6
"07/29/2015 02:40:00","EDT","GENESE",61753,1080.7
"07/29/2015 02:40:00","EDT","HUD VL",61758,1109.1
"07/29/2015 02:40:00","EDT","LONGIL",61762,2752.1
"07/29/2015 02:40:00","EDT","MHK VL",61756,837.9
"07/29/2015 02:40:00","EDT","MILLWD",61759,320.8
"07/29/2015 02:40:00","EDT","N.Y.C.",61761,7069.7
"07/29/2015 02:40:00","EDT","NORTH",61755,459.6
"07/29/2015 02:40:00","EDT","WEST",61752,1720.2
"07/29/2015 02:45:00","EDT","CAPITL",61757,1391.6
"07/29/2015 02:45:00","EDT","CENTRL",61754,1597.5
"07/29/2015 02:45:00","EDT","DUNWOD",61760,793.4
"07/29/2015 02:45:00","EDT","GENESE",61753,1080.3
"07/29/2015 02:45:00","EDT","HUD VL",61758,1098.1
"07/29/2015 02:45:00","EDT","LONGIL",61762,2744.3
"07/29/2015 02:45:00","EDT","MHK VL",61756,829.4
"07/29/2015 02:45:00","EDT","MILLWD",61759,324.2
"07/29/2015 02:45:00","EDT","N.Y.C.",61761,7072.5
"07/29/2015 02:45:00","EDT","NORTH",61755,464.6
"07/29/2015 02:45:00","EDT","WEST",61752,1714.8
"07/29/2015 02:50:00","EDT","CAPITL",61757,1392.8
"07/29/2015 02:50:00","EDT","CENTRL",61754,1606.3
"07/29/2015 02:50:00","EDT","DUNWOD",61760,787.6
"07/29/2015 02:50:00","EDT","GENESE",61753,1076.2
"07/29/2015 02:50:00","EDT","HUD VL",61758,1093.2
"07/29/2015 02:50:00","EDT","LONGIL",61762,2728.5
"07/29/2015 02:50:00","EDT","MHK VL",61756,833.1
"07/29/2015 02:50:00","EDT","MILLWD",61759,317.7
"07/29/2015 02:50:00","EDT","N.Y.C.",61761,7052.6
"07/29/2015 02:50:00","EDT","NORTH",61755,462.4
"07/29/2015 02:50:00","EDT","WEST",61752,1707.5
"07/29/2015 02:55:00","EDT","CAPITL",61757,1390.4
"07/29/2015 02:55:00","EDT","CENTRL",61754,1586.6
"07/29/2015 02:55:00","EDT","DUNWOD",61760,779.7
"07/29/2015 02:55:00","EDT","GENESE",61753,1074.3
"07/29/2015 02:55:00","EDT","HUD VL",61758,1080.1
"07/29/2015 02:55:00","EDT","LONGIL",61762,2715.5
"07/29/2015 02:55:00","EDT","MHK VL",61756,835.8
"07/29/2015 02:55:00","EDT","MILLWD",61759,342.6
"07/29/2015 02:55:00","EDT","N.Y.C.",61761,7027.6
"07/29/2015 02:55:00","EDT","NORTH",61755,460.2
"07/29/2015 02:55:00","EDT","WEST",61752,1700.2
"07/29/2015 03:00:00","EDT","CAPITL",61757,1396.3
"07/29/2015 03:00:00","EDT","CENTRL",61754,1588.4
"07/29/2015 03:00:00","EDT","DUNWOD",61760,777.8
"07/29/2015 03:00:00","EDT","GENESE",61753,1079
"07/29/2015 03:00:00","EDT","HUD VL",61758,1088.3
"07/29/2015 03:00:00","EDT","LONGIL",61762,2701.5
"07/29/2015 03:00:00","EDT","MHK VL",61756,830.3
"07/29/2015 03:00:00","EDT","MILLWD",61759,320.1
"07/29/2015 03:00:00","EDT","N.Y.C.",61761,7025.2
"07/29/2015 03:00:00","EDT","NORTH",61755,463.3
"07/29/2015 03:00:00","EDT","WEST",61752,1699.4
"07/29/2015 03:05:00","EDT","CAPITL",61757,1387.7
"07/29/2015 03:05:00","EDT","CENTRL",61754,1590.7
"07/29/2015 03:05:00","EDT","DUNWOD",61760,783.1
"07/29/2015 03:05:00","EDT","GENESE",61753,1065.6
"07/29/2015 03:05:00","EDT","HUD VL",61758,1098.3
"07/29/2015 03:05:00","EDT","LONGIL",61762,2689.5
"07/29/2015 03:05:00","EDT","MHK VL",61756,820.4
"07/29/2015 03:05:00","EDT","MILLWD",61759,321.2
"07/29/2015 03:05:00","EDT","N.Y.C.",61761,7007.6
"07/29/2015 03:05:00","EDT","NORTH",61755,458.5
"07/29/2015 03:05:00","EDT","WEST",61752,1684.9
"07/29/2015 03:10:00","EDT","CAPITL",61757,1390.4
"07/29/2015 03:10:00","EDT","CENTRL",61754,1602.9
"07/29/2015 03:10:00","EDT","DUNWOD",61760,783
"07/29/2015 03:10:00","EDT","GENESE",61753,1066.1
"07/29/2015 03:10:00","EDT","HUD VL",61758,1087.5
"07/29/2015 03:10:00","EDT","LONGIL",61762,2690.6
"07/29/2015 03:10:00","EDT","MHK VL",61756,826.2
"07/29/2015 03:10:00","EDT","MILLWD",61759,320
"07/29/2015 03:10:00","EDT","N.Y.C.",61761,6980.5
"07/29/2015 03:10:00","EDT","NORTH",61755,441.2
"07/29/2015 03:10:00","EDT","WEST",61752,1689.5
"07/29/2015 03:15:00","EDT","CAPITL",61757,1385.1
"07/29/2015 03:15:00","EDT","CENTRL",61754,1591.8
"07/29/2015 03:15:00","EDT","DUNWOD",61760,775.1
"07/29/2015 03:15:00","EDT","GENESE",61753,1059.8
"07/29/2015 03:15:00","EDT","HUD VL",61758,1069.4
"07/29/2015 03:15:00","EDT","LONGIL",61762,2673.5
"07/29/2015 03:15:00","EDT","MHK VL",61756,823.2
"07/29/2015 03:15:00","EDT","MILLWD",61759,316.4
"07/29/2015 03:15:00","EDT","N.Y.C.",61761,6995.5
"07/29/2015 03:15:00","EDT","NORTH",61755,453.5
"07/29/2015 03:15:00","EDT","WEST",61752,1690.4
"07/29/2015 03:20:00","EDT","CAPITL",61757,1391.1
"07/29/2015 03:20:00","EDT","CENTRL",61754,1604.1
"07/29/2015 03:20:00","EDT","DUNWOD",61760,776.3
"07/29/2015 03:20:00","EDT","GENESE",61753,1059.3
"07/29/2015 03:20:00","EDT","HUD VL",61758,1067.5
"07/29/2015 03:20:00","EDT","LONGIL",61762,2668
"07/29/2015 03:20:00","EDT","MHK VL",61756,816.1
"07/29/2015 03:20:00","EDT","MILLWD",61759,322.7
"07/29/2015 03:20:00","EDT","N.Y.C.",61761,6966.9
"07/29/2015 03:20:00","EDT","NORTH",61755,459.4
"07/29/2015 03:20:00","EDT","WEST",61752,1675.1
"07/29/2015 03:25:00","EDT","CAPITL",61757,1384
"07/29/2015 03:25:00","EDT","CENTRL",61754,1588.2
"07/29/2015 03:25:00","EDT","DUNWOD",61760,780.4
"07/29/2015 03:25:00","EDT","GENESE",61753,1062.4
"07/29/2015 03:25:00","EDT","HUD VL",61758,1077
"07/29/2015 03:25:00","EDT","LONGIL",61762,2662.4
"07/29/2015 03:25:00","EDT","MHK VL",61756,815
"07/29/2015 03:25:00","EDT","MILLWD",61759,305.9
"07/29/2015 03:25:00","EDT","N.Y.C.",61761,6974.9
"07/29/2015 03:25:00","EDT","NORTH",61755,466.2
"07/29/2015 03:25:00","EDT","WEST",61752,1704
"07/29/2015 03:30:00","EDT","CAPITL",61757,1361.1
"07/29/2015 03:30:00","EDT","CENTRL",61754,1585.6
"07/29/2015 03:30:00","EDT","DUNWOD",61760,766.7
"07/29/2015 03:30:00","EDT","GENESE",61753,1059.4
"07/29/2015 03:30:00","EDT","HUD VL",61758,1085.2
"07/29/2015 03:30:00","EDT","LONGIL",61762,2651
"07/29/2015 03:30:00","EDT","MHK VL",61756,814.1
"07/29/2015 03:30:00","EDT","MILLWD",61759,318.4
"07/29/2015 03:30:00","EDT","N.Y.C.",61761,6950.5
"07/29/2015 03:30:00","EDT","NORTH",61755,454.5
"07/29/2015 03:30:00","EDT","WEST",61752,1673.5
"07/29/2015 03:35:00","EDT","CAPITL",61757,1369.1
"07/29/2015 03:35:00","EDT","CENTRL",61754,1589.1
"07/29/2015 03:35:00","EDT","DUNWOD",61760,759.6
"07/29/2015 03:35:00","EDT","GENESE",61753,1060.4
"07/29/2015 03:35:00","EDT","HUD VL",61758,1077.5
"07/29/2015 03:35:00","EDT","LONGIL",61762,2656
"07/29/2015 03:35:00","EDT","MHK VL",61756,817.4
"07/29/2015 03:35:00","EDT","MILLWD",61759,335.7
"07/29/2015 03:35:00","EDT","N.Y.C.",61761,6948.4
"07/29/2015 03:35:00","EDT","NORTH",61755,455.6
"07/29/2015 03:35:00","EDT","WEST",61752,1659.4
"07/29/2015 03:40:00","EDT","CAPITL",61757,1389.4
"07/29/2015 03:40:00","EDT","CENTRL",61754,1591.8
"07/29/2015 03:40:00","EDT","DUNWOD",61760,771.5
"07/29/2015 03:40:00","EDT","GENESE",61753,1057.1
"07/29/2015 03:40:00","EDT","HUD VL",61758,1058.1
"07/29/2015 03:40:00","EDT","LONGIL",61762,2641.3
"07/29/2015 03:40:00","EDT","MHK VL",61756,811
"07/29/2015 03:40:00","EDT","MILLWD",61759,320.9
"07/29/2015 03:40:00","EDT","N.Y.C.",61761,6951.8
"07/29/2015 03:40:00","EDT","NORTH",61755,456.6
"07/29/2015 03:40:00","EDT","WEST",61752,1647.9
"07/29/2015 03:45:00","EDT","CAPITL",61757,1378.3
"07/29/2015 03:45:00","EDT","CENTRL",61754,1583
"07/29/2015 03:45:00","EDT","DUNWOD",61760,764.4
"07/29/2015 03:45:00","EDT","GENESE",61753,1052.3
"07/29/2015 03:45:00","EDT","HUD VL",61758,1055.2
"07/29/2015 03:45:00","EDT","LONGIL",61762,2638.1
"07/29/2015 03:45:00","EDT","MHK VL",61756,813.7
"07/29/2015 03:45:00","EDT","MILLWD",61759,323.5
"07/29/2015 03:45:00","EDT","N.Y.C.",61761,6887.4
"07/29/2015 03:45:00","EDT","NORTH",61755,459.6
"07/29/2015 03:45:00","EDT","WEST",61752,1683.2
"07/29/2015 03:50:00","EDT","CAPITL",61757,1355.9
"07/29/2015 03:50:00","EDT","CENTRL",61754,1581.9
"07/29/2015 03:50:00","EDT","DUNWOD",61760,773
"07/29/2015 03:50:00","EDT","GENESE",61753,1048.7
"07/29/2015 03:50:00","EDT","HUD VL",61758,1071.2
"07/29/2015 03:50:00","EDT","LONGIL",61762,2624.7
"07/29/2015 03:50:00","EDT","MHK VL",61756,796.2
"07/29/2015 03:50:00","EDT","MILLWD",61759,315.3
"07/29/2015 03:50:00","EDT","N.Y.C.",61761,6889
"07/29/2015 03:50:00","EDT","NORTH",61755,461.7
"07/29/2015 03:50:00","EDT","WEST",61752,1677.7
"07/29/2015 03:55:00","EDT","CAPITL",61757,1362.9
"07/29/2015 03:55:00","EDT","CENTRL",61754,1578.6
"07/29/2015 03:55:00","EDT","DUNWOD",61760,769.6
"07/29/2015 03:55:00","EDT","GENESE",61753,1051.3
"07/29/2015 03:55:00","EDT","HUD VL",61758,1059.6
"07/29/2015 03:55:00","EDT","LONGIL",61762,2623.9
"07/29/2015 03:55:00","EDT","MHK VL",61756,802.9
"07/29/2015 03:55:00","EDT","MILLWD",61759,305.7
"07/29/2015 03:55:00","EDT","N.Y.C.",61761,6873.5
"07/29/2015 03:55:00","EDT","NORTH",61755,459.4
"07/29/2015 03:55:00","EDT","WEST",61752,1665.1
"07/29/2015 04:00:00","EDT","CAPITL",61757,1375.3
"07/29/2015 04:00:00","EDT","CENTRL",61754,1592.8
"07/29/2015 04:00:00","EDT","DUNWOD",61760,765.3
"07/29/2015 04:00:00","EDT","GENESE",61753,1047.2
"07/29/2015 04:00:00","EDT","HUD VL",61758,1058.2
"07/29/2015 04:00:00","EDT","LONGIL",61762,2628.4
"07/29/2015 04:00:00","EDT","MHK VL",61756,801.8
"07/29/2015 04:00:00","EDT","MILLWD",61759,313.3
"07/29/2015 04:00:00","EDT","N.Y.C.",61761,6906.9
"07/29/2015 04:00:00","EDT","NORTH",61755,454.4
"07/29/2015 04:00:00","EDT","WEST",61752,1652.2
"07/29/2015 04:05:00","EDT","CAPITL",61757,1358.6
"07/29/2015 04:05:00","EDT","CENTRL",61754,1562.3
"07/29/2015 04:05:00","EDT","DUNWOD",61760,765.3
"07/29/2015 04:05:00","EDT","GENESE",61753,1051
"07/29/2015 04:05:00","EDT","HUD VL",61758,1050.4
"07/29/2015 04:05:00","EDT","LONGIL",61762,2603.8
"07/29/2015 04:05:00","EDT","MHK VL",61756,804.6
"07/29/2015 04:05:00","EDT","MILLWD",61759,319.6
"07/29/2015 04:05:00","EDT","N.Y.C.",61761,6872.7
"07/29/2015 04:05:00","EDT","NORTH",61755,462
"07/29/2015 04:05:00","EDT","WEST",61752,1664.4
"07/29/2015 04:10:00","EDT","CAPITL",61757,1364.7
"07/29/2015 04:10:00","EDT","CENTRL",61754,1597.5
"07/29/2015 04:10:00","EDT","DUNWOD",61760,766.7
"07/29/2015 04:10:00","EDT","GENESE",61753,1046.2
"07/29/2015 04:10:00","EDT","HUD VL",61758,1061.6
"07/29/2015 04:10:00","EDT","LONGIL",61762,2613.5
"07/29/2015 04:10:00","EDT","MHK VL",61756,810.8
"07/29/2015 04:10:00","EDT","MILLWD",61759,299
"07/29/2015 04:10:00","EDT","N.Y.C.",61761,6899
"07/29/2015 04:10:00","EDT","NORTH",61755,458.5
"07/29/2015 04:10:00","EDT","WEST",61752,1669.9
"07/29/2015 04:15:00","EDT","CAPITL",61757,1363.7
"07/29/2015 04:15:00","EDT","CENTRL",61754,1582.6
"07/29/2015 04:15:00","EDT","DUNWOD",61760,741
"07/29/2015 04:15:00","EDT","GENESE",61753,1044.9
"07/29/2015 04:15:00","EDT","HUD VL",61758,1090.9
"07/29/2015 04:15:00","EDT","LONGIL",61762,2613.3
"07/29/2015 04:15:00","EDT","MHK VL",61756,812
"07/29/2015 04:15:00","EDT","MILLWD",61759,346.6
"07/29/2015 04:15:00","EDT","N.Y.C.",61761,6895.7
"07/29/2015 04:15:00","EDT","NORTH",61755,457.4
"07/29/2015 04:15:00","EDT","WEST",61752,1685.9
"07/29/2015 04:20:00","EDT","CAPITL",61757,1368.7
"07/29/2015 04:20:00","EDT","CENTRL",61754,1588.5
"07/29/2015 04:20:00","EDT","DUNWOD",61760,756.9
"07/29/2015 04:20:00","EDT","GENESE",61753,1050.5
"07/29/2015 04:20:00","EDT","HUD VL",61758,1074.1
"07/29/2015 04:20:00","EDT","LONGIL",61762,2607.4
"07/29/2015 04:20:00","EDT","MHK VL",61756,799.6
"07/29/2015 04:20:00","EDT","MILLWD",61759,314.3
"07/29/2015 04:20:00","EDT","N.Y.C.",61761,6930.9
"07/29/2015 04:20:00","EDT","NORTH",61755,465.9
"07/29/2015 04:20:00","EDT","WEST",61752,1690.9
"07/29/2015 04:25:00","EDT","CAPITL",61757,1369.9
"07/29/2015 04:25:00","EDT","CENTRL",61754,1584.2
"07/29/2015 04:25:00","EDT","DUNWOD",61760,757.5
"07/29/2015 04:25:00","EDT","GENESE",61753,1053.6
"07/29/2015 04:25:00","EDT","HUD VL",61758,1051.6
"07/29/2015 04:25:00","EDT","LONGIL",61762,2607.7
"07/29/2015 04:25:00","EDT","MHK VL",61756,808.8
"07/29/2015 04:25:00","EDT","MILLWD",61759,311.3
"07/29/2015 04:25:00","EDT","N.Y.C.",61761,6910.3
"07/29/2015 04:25:00","EDT","NORTH",61755,463.3
"07/29/2015 04:25:00","EDT","WEST",61752,1676.8
"07/29/2015 04:30:00","EDT","CAPITL",61757,1374.3
"07/29/2015 04:30:00","EDT","CENTRL",61754,1599.4
"07/29/2015 04:30:00","EDT","DUNWOD",61760,754.4
"07/29/2015 04:30:00","EDT","GENESE",61753,1048.7
"07/29/2015 04:30:00","EDT","HUD VL",61758,1050.7
"07/29/2015 04:30:00","EDT","LONGIL",61762,2607.2
"07/29/2015 04:30:00","EDT","MHK VL",61756,808
"07/29/2015 04:30:00","EDT","MILLWD",61759,318.4
"07/29/2015 04:30:00","EDT","N.Y.C.",61761,6933.8
"07/29/2015 04:30:00","EDT","NORTH",61755,457.2
"07/29/2015 04:30:00","EDT","WEST",61752,1660
"07/29/2015 04:35:00","EDT","CAPITL",61757,1383.8
"07/29/2015 04:35:00","EDT","CENTRL",61754,1594.5
"07/29/2015 04:35:00","EDT","DUNWOD",61760,756
"07/29/2015 04:35:00","EDT","GENESE",61753,1051.6
"07/29/2015 04:35:00","EDT","HUD VL",61758,1050.5
"07/29/2015 04:35:00","EDT","LONGIL",61762,2591.8
"07/29/2015 04:35:00","EDT","MHK VL",61756,806.8
"07/29/2015 04:35:00","EDT","MILLWD",61759,313.4
"07/29/2015 04:35:00","EDT","N.Y.C.",61761,6907.8
"07/29/2015 04:35:00","EDT","NORTH",61755,454.6
"07/29/2015 04:35:00","EDT","WEST",61752,1677.9
"07/29/2015 04:40:00","EDT","CAPITL",61757,1371.8
"07/29/2015 04:40:00","EDT","CENTRL",61754,1594.7
"07/29/2015 04:40:00","EDT","DUNWOD",61760,752.3
"07/29/2015 04:40:00","EDT","GENESE",61753,1052.2
"07/29/2015 04:40:00","EDT","HUD VL",61758,1066.8
"07/29/2015 04:40:00","EDT","LONGIL",61762,2595.3
"07/29/2015 04:40:00","EDT","MHK VL",61756,816.9
"07/29/2015 04:40:00","EDT","MILLWD",61759,305.7
"07/29/2015 04:40:00","EDT","N.Y.C.",61761,6906.1
"07/29/2015 04:40:00","EDT","NORTH",61755,462.5
"07/29/2015 04:40:00","EDT","WEST",61752,1670.2
"07/29/2015 04:45:00","EDT","CAPITL",61757,1375.6
"07/29/2015 04:45:00","EDT","CENTRL",61754,1589.8
"07/29/2015 04:45:00","EDT","DUNWOD",61760,753.8
"07/29/2015 04:45:00","EDT","GENESE",61753,1054.7
"07/29/2015 04:45:00","EDT","HUD VL",61758,1059.7
"07/29/2015 04:45:00","EDT","LONGIL",61762,2591.3
"07/29/2015 04:45:00","EDT","MHK VL",61756,818.6
"07/29/2015 04:45:00","EDT","MILLWD",61759,317.1
"07/29/2015 04:45:00","EDT","N.Y.C.",61761,6921.8
"07/29/2015 04:45:00","EDT","NORTH",61755,457.4
"07/29/2015 04:45:00","EDT","WEST",61752,1677.2
"07/29/2015 04:50:00","EDT","CAPITL",61757,1378.5
"07/29/2015 04:50:00","EDT","CENTRL",61754,1587.8
"07/29/2015 04:50:00","EDT","DUNWOD",61760,755.8
"07/29/2015 04:50:00","EDT","GENESE",61753,1060
"07/29/2015 04:50:00","EDT","HUD VL",61758,1072.7
"07/29/2015 04:50:00","EDT","LONGIL",61762,2591.2
"07/29/2015 04:50:00","EDT","MHK VL",61756,827.4
"07/29/2015 04:50:00","EDT","MILLWD",61759,307.6
"07/29/2015 04:50:00","EDT","N.Y.C.",61761,6924.8
"07/29/2015 04:50:00","EDT","NORTH",61755,455.5
"07/29/2015 04:50:00","EDT","WEST",61752,1655.7
"07/29/2015 04:55:00","EDT","CAPITL",61757,1380.3
"07/29/2015 04:55:00","EDT","CENTRL",61754,1600.6
"07/29/2015 04:55:00","EDT","DUNWOD",61760,756.3
"07/29/2015 04:55:00","EDT","GENESE",61753,1070.2
"07/29/2015 04:55:00","EDT","HUD VL",61758,1042.7
"07/29/2015 04:55:00","EDT","LONGIL",61762,2590.2
"07/29/2015 04:55:00","EDT","MHK VL",61756,828.6
"07/29/2015 04:55:00","EDT","MILLWD",61759,315.7
"07/29/2015 04:55:00","EDT","N.Y.C.",61761,6913.2
"07/29/2015 04:55:00","EDT","NORTH",61755,450.3
"07/29/2015 04:55:00","EDT","WEST",61752,1652.3
"07/29/2015 05:00:00","EDT","CAPITL",61757,1373.2
"07/29/2015 05:00:00","EDT","CENTRL",61754,1596.4
"07/29/2015 05:00:00","EDT","DUNWOD",61760,761
"07/29/2015 05:00:00","EDT","GENESE",61753,1071.7
"07/29/2015 05:00:00","EDT","HUD VL",61758,1062
"07/29/2015 05:00:00","EDT","LONGIL",61762,2587.6
"07/29/2015 05:00:00","EDT","MHK VL",61756,825.7
"07/29/2015 05:00:00","EDT","MILLWD",61759,306.3
"07/29/2015 05:00:00","EDT","N.Y.C.",61761,6919.1
"07/29/2015 05:00:00","EDT","NORTH",61755,446.2
"07/29/2015 05:00:00","EDT","WEST",61752,1662.7
"07/29/2015 05:05:00","EDT","CAPITL",61757,1379
"07/29/2015 05:05:00","EDT","CENTRL",61754,1599.8
"07/29/2015 05:05:00","EDT","DUNWOD",61760,739.3
"07/29/2015 05:05:00","EDT","GENESE",61753,1061
"07/29/2015 05:05:00","EDT","HUD VL",61758,1050.3
"07/29/2015 05:05:00","EDT","LONGIL",61762,2600.9
"07/29/2015 05:05:00","EDT","MHK VL",61756,837.6
"07/29/2015 05:05:00","EDT","MILLWD",61759,342.8
"07/29/2015 05:05:00","EDT","N.Y.C.",61761,6945.2
"07/29/2015 05:05:00","EDT","NORTH",61755,452.8
"07/29/2015 05:05:00","EDT","WEST",61752,1704.1
"07/29/2015 05:10:00","EDT","CAPITL",61757,1403.6
"07/29/2015 05:10:00","EDT","CENTRL",61754,1628.5
"07/29/2015 05:10:00","EDT","DUNWOD",61760,771.9
"07/29/2015 05:10:00","EDT","GENESE",61753,1078.5
"07/29/2015 05:10:00","EDT","HUD VL",61758,1069.6
"07/29/2015 05:10:00","EDT","LONGIL",61762,2600.2
"07/29/2015 05:10:00","EDT","MHK VL",61756,834.5
"07/29/2015 05:10:00","EDT","MILLWD",61759,320.4
"07/29/2015 05:10:00","EDT","N.Y.C.",61761,6974.8
"07/29/2015 05:10:00","EDT","NORTH",61755,461.9
"07/29/2015 05:10:00","EDT","WEST",61752,1705.3
"07/29/2015 05:15:00","EDT","CAPITL",61757,1409
"07/29/2015 05:15:00","EDT","CENTRL",61754,1661.6
"07/29/2015 05:15:00","EDT","DUNWOD",61760,773.9
"07/29/2015 05:15:00","EDT","GENESE",61753,1076
"07/29/2015 05:15:00","EDT","HUD VL",61758,1102.5
"07/29/2015 05:15:00","EDT","LONGIL",61762,2612.1
"07/29/2015 05:15:00","EDT","MHK VL",61756,833.6
"07/29/2015 05:15:00","EDT","MILLWD",61759,306.8
"07/29/2015 05:15:00","EDT","N.Y.C.",61761,7013.4
"07/29/2015 05:15:00","EDT","NORTH",61755,456.6
"07/29/2015 05:15:00","EDT","WEST",61752,1702.8
"07/29/2015 05:20:00","EDT","CAPITL",61757,1409.2
"07/29/2015 05:20:00","EDT","CENTRL",61754,1653.3
"07/29/2015 05:20:00","EDT","DUNWOD",61760,765.3
"07/29/2015 05:20:00","EDT","GENESE",61753,1089.6
"07/29/2015 05:20:00","EDT","HUD VL",61758,1081.6
"07/29/2015 05:20:00","EDT","LONGIL",61762,2623.1
"07/29/2015 05:20:00","EDT","MHK VL",61756,836.3
"07/29/2015 05:20:00","EDT","MILLWD",61759,335.4
"07/29/2015 05:20:00","EDT","N.Y.C.",61761,7038.9
"07/29/2015 05:20:00","EDT","NORTH",61755,465.5
"07/29/2015 05:20:00","EDT","WEST",61752,1707
"07/29/2015 05:25:00","EDT","CAPITL",61757,1418.2
"07/29/2015 05:25:00","EDT","CENTRL",61754,1671.2
"07/29/2015 05:25:00","EDT","DUNWOD",61760,769.4
"07/29/2015 05:25:00","EDT","GENESE",61753,1089.7
"07/29/2015 05:25:00","EDT","HUD VL",61758,1086.6
"07/29/2015 05:25:00","EDT","LONGIL",61762,2629.6
"07/29/2015 05:25:00","EDT","MHK VL",61756,834.5
"07/29/2015 05:25:00","EDT","MILLWD",61759,312.9
"07/29/2015 05:25:00","EDT","N.Y.C.",61761,7087.1
"07/29/2015 05:25:00","EDT","NORTH",61755,470.5
"07/29/2015 05:25:00","EDT","WEST",61752,1746.9
"07/29/2015 05:30:00","EDT","CAPITL",61757,1422.1
"07/29/2015 05:30:00","EDT","CENTRL",61754,1658
"07/29/2015 05:30:00","EDT","DUNWOD",61760,776
"07/29/2015 05:30:00","EDT","GENESE",61753,1107.2
"07/29/2015 05:30:00","EDT","HUD VL",61758,1106.8
"07/29/2015 05:30:00","EDT","LONGIL",61762,2620.7
"07/29/2015 05:30:00","EDT","MHK VL",61756,855.9
"07/29/2015 05:30:00","EDT","MILLWD",61759,314
"07/29/2015 05:30:00","EDT","N.Y.C.",61761,7090.5
"07/29/2015 05:30:00","EDT","NORTH",61755,457.9
"07/29/2015 05:30:00","EDT","WEST",61752,1727.7
"07/29/2015 05:35:00","EDT","CAPITL",61757,1410.3
"07/29/2015 05:35:00","EDT","CENTRL",61754,1675.1
"07/29/2015 05:35:00","EDT","DUNWOD",61760,760.5
"07/29/2015 05:35:00","EDT","GENESE",61753,1097.4
"07/29/2015 05:35:00","EDT","HUD VL",61758,1070.5
"07/29/2015 05:35:00","EDT","LONGIL",61762,2637.1
"07/29/2015 05:35:00","EDT","MHK VL",61756,861.2
"07/29/2015 05:35:00","EDT","MILLWD",61759,354.1
"07/29/2015 05:35:00","EDT","N.Y.C.",61761,7104.3
"07/29/2015 05:35:00","EDT","NORTH",61755,440.6
"07/29/2015 05:35:00","EDT","WEST",61752,1732
"07/29/2015 05:40:00","EDT","CAPITL",61757,1424.1
"07/29/2015 05:40:00","EDT","CENTRL",61754,1684.9
"07/29/2015 05:40:00","EDT","DUNWOD",61760,782.3
"07/29/2015 05:40:00","EDT","GENESE",61753,1113
"07/29/2015 05:40:00","EDT","HUD VL",61758,1101.7
"07/29/2015 05:40:00","EDT","LONGIL",61762,2648.6
"07/29/2015 05:40:00","EDT","MHK VL",61756,853.4
"07/29/2015 05:40:00","EDT","MILLWD",61759,311.8
"07/29/2015 05:40:00","EDT","N.Y.C.",61761,7090.3
"07/29/2015 05:40:00","EDT","NORTH",61755,466.5
"07/29/2015 05:40:00","EDT","WEST",61752,1744.5
"07/29/2015 05:45:00","EDT","CAPITL",61757,1440.5
"07/29/2015 05:45:00","EDT","CENTRL",61754,1677.1
"07/29/2015 05:45:00","EDT","DUNWOD",61760,773.5
"07/29/2015 05:45:00","EDT","GENESE",61753,1107.6
"07/29/2015 05:45:00","EDT","HUD VL",61758,1089.4
"07/29/2015 05:45:00","EDT","LONGIL",61762,2635.1
"07/29/2015 05:45:00","EDT","MHK VL",61756,852.8
"07/29/2015 05:45:00","EDT","MILLWD",61759,316.6
"07/29/2015 05:45:00","EDT","N.Y.C.",61761,7133.7
"07/29/2015 05:45:00","EDT","NORTH",61755,462.2
"07/29/2015 05:45:00","EDT","WEST",61752,1752.3
"07/29/2015 05:50:00","EDT","CAPITL",61757,1428.2
"07/29/2015 05:50:00","EDT","CENTRL",61754,1688.1
"07/29/2015 05:50:00","EDT","DUNWOD",61760,776.8
"07/29/2015 05:50:00","EDT","GENESE",61753,1126.1
"07/29/2015 05:50:00","EDT","HUD VL",61758,1097.8
"07/29/2015 05:50:00","EDT","LONGIL",61762,2629
"07/29/2015 05:50:00","EDT","MHK VL",61756,852.4
"07/29/2015 05:50:00","EDT","MILLWD",61759,319.3
"07/29/2015 05:50:00","EDT","N.Y.C.",61761,7159.1
"07/29/2015 05:50:00","EDT","NORTH",61755,464.3
"07/29/2015 05:50:00","EDT","WEST",61752,1745
"07/29/2015 05:55:00","EDT","CAPITL",61757,1435.5
"07/29/2015 05:55:00","EDT","CENTRL",61754,1686.8
"07/29/2015 05:55:00","EDT","DUNWOD",61760,779.4
"07/29/2015 05:55:00","EDT","GENESE",61753,1121.3
"07/29/2015 05:55:00","EDT","HUD VL",61758,1110.9
"07/29/2015 05:55:00","EDT","LONGIL",61762,2631.9
"07/29/2015 05:55:00","EDT","MHK VL",61756,852.1
"07/29/2015 05:55:00","EDT","MILLWD",61759,318.6
"07/29/2015 05:55:00","EDT","N.Y.C.",61761,7187.3
"07/29/2015 05:55:00","EDT","NORTH",61755,473.8
"07/29/2015 05:55:00","EDT","WEST",61752,1756.5
"07/29/2015 06:00:00","EDT","CAPITL",61757,1423.3
"07/29/2015 06:00:00","EDT","CENTRL",61754,1688.3
"07/29/2015 06:00:00","EDT","DUNWOD",61760,782.1
"07/29/2015 06:00:00","EDT","GENESE",61753,1124.6
"07/29/2015 06:00:00","EDT","HUD VL",61758,1098.4
"07/29/2015 06:00:00","EDT","LONGIL",61762,2632.7
"07/29/2015 06:00:00","EDT","MHK VL",61756,858.6
"07/29/2015 06:00:00","EDT","MILLWD",61759,324.1
"07/29/2015 06:00:00","EDT","N.Y.C.",61761,7190.3
"07/29/2015 06:00:00","EDT","NORTH",61755,465.4
"07/29/2015 06:00:00","EDT","WEST",61752,1751.3
"07/29/2015 06:05:00","EDT","CAPITL",61757,1431
"07/29/2015 06:05:00","EDT","CENTRL",61754,1696.3
"07/29/2015 06:05:00","EDT","DUNWOD",61760,791.8
"07/29/2015 06:05:00","EDT","GENESE",61753,1142.3
"07/29/2015 06:05:00","EDT","HUD VL",61758,1117
"07/29/2015 06:05:00","EDT","LONGIL",61762,2646.4
"07/29/2015 06:05:00","EDT","MHK VL",61756,855.5
"07/29/2015 06:05:00","EDT","MILLWD",61759,334.8
"07/29/2015 06:05:00","EDT","N.Y.C.",61761,7255.1
"07/29/2015 06:05:00","EDT","NORTH",61755,475
"07/29/2015 06:05:00","EDT","WEST",61752,1752.8
"07/29/2015 06:10:00","EDT","CAPITL",61757,1454.5
"07/29/2015 06:10:00","EDT","CENTRL",61754,1732.4
"07/29/2015 06:10:00","EDT","DUNWOD",61760,797.3
"07/29/2015 06:10:00","EDT","GENESE",61753,1151.9
"07/29/2015 06:10:00","EDT","HUD VL",61758,1141.9
"07/29/2015 06:10:00","EDT","LONGIL",61762,2681.7
"07/29/2015 06:10:00","EDT","MHK VL",61756,862.9
"07/29/2015 06:10:00","EDT","MILLWD",61759,324.8
"07/29/2015 06:10:00","EDT","N.Y.C.",61761,7330.5
"07/29/2015 06:10:00","EDT","NORTH",61755,465
"07/29/2015 06:10:00","EDT","WEST",61752,1752.6
"07/29/2015 06:15:00","EDT","CAPITL",61757,1476.6
"07/29/2015 06:15:00","EDT","CENTRL",61754,1731.6
"07/29/2015 06:15:00","EDT","DUNWOD",61760,814.5
"07/29/2015 06:15:00","EDT","GENESE",61753,1168.1
"07/29/2015 06:15:00","EDT","HUD VL",61758,1137.1
"07/29/2015 06:15:00","EDT","LONGIL",61762,2701.1
"07/29/2015 06:15:00","EDT","MHK VL",61756,873.2
"07/29/2015 06:15:00","EDT","MILLWD",61759,321.9
"07/29/2015 06:15:00","EDT","N.Y.C.",61761,7363.8
"07/29/2015 06:15:00","EDT","NORTH",61755,463.5
"07/29/2015 06:15:00","EDT","WEST",61752,1756.4
"07/29/2015 06:20:00","EDT","CAPITL",61757,1490.7
"07/29/2015 06:20:00","EDT","CENTRL",61754,1767.7
"07/29/2015 06:20:00","EDT","DUNWOD",61760,808.9
"07/29/2015 06:20:00","EDT","GENESE",61753,1167.9
"07/29/2015 06:20:00","EDT","HUD VL",61758,1126.7
"07/29/2015 06:20:00","EDT","LONGIL",61762,2729.8
"07/29/2015 06:20:00","EDT","MHK VL",61756,853.7
"07/29/2015 06:20:00","EDT","MILLWD",61759,326.3
"07/29/2015 06:20:00","EDT","N.Y.C.",61761,7394
"07/29/2015 06:20:00","EDT","NORTH",61755,473
"07/29/2015 06:20:00","EDT","WEST",61752,1758.6
"07/29/2015 06:25:00","EDT","CAPITL",61757,1495
"07/29/2015 06:25:00","EDT","CENTRL",61754,1774.6
"07/29/2015 06:25:00","EDT","DUNWOD",61760,817.3
"07/29/2015 06:25:00","EDT","GENESE",61753,1180.1
"07/29/2015 06:25:00","EDT","HUD VL",61758,1135.8
"07/29/2015 06:25:00","EDT","LONGIL",61762,2725.1
"07/29/2015 06:25:00","EDT","MHK VL",61756,865.9
"07/29/2015 06:25:00","EDT","MILLWD",61759,333.2
"07/29/2015 06:25:00","EDT","N.Y.C.",61761,7459.8
"07/29/2015 06:25:00","EDT","NORTH",61755,470.2
"07/29/2015 06:25:00","EDT","WEST",61752,1765.3
"07/29/2015 06:30:00","EDT","CAPITL",61757,1507
"07/29/2015 06:30:00","EDT","CENTRL",61754,1782.4
"07/29/2015 06:30:00","EDT","DUNWOD",61760,814.2
"07/29/2015 06:30:00","EDT","GENESE",61753,1183.6
"07/29/2015 06:30:00","EDT","HUD VL",61758,1147.6
"07/29/2015 06:30:00","EDT","LONGIL",61762,2749.1
"07/29/2015 06:30:00","EDT","MHK VL",61756,867.6
"07/29/2015 06:30:00","EDT","MILLWD",61759,324.6
"07/29/2015 06:30:00","EDT","N.Y.C.",61761,7514.1
"07/29/2015 06:30:00","EDT","NORTH",61755,472
"07/29/2015 06:30:00","EDT","WEST",61752,1777
"07/29/2015 06:35:00","EDT","CAPITL",61757,1512
"07/29/2015 06:35:00","EDT","CENTRL",61754,1772.4
"07/29/2015 06:35:00","EDT","DUNWOD",61760,823.1
"07/29/2015 06:35:00","EDT","GENESE",61753,1189.7
"07/29/2015 06:35:00","EDT","HUD VL",61758,1144.4
"07/29/2015 06:35:00","EDT","LONGIL",61762,2761
"07/29/2015 06:35:00","EDT","MHK VL",61756,876.5
"07/29/2015 06:35:00","EDT","MILLWD",61759,340.2
"07/29/2015 06:35:00","EDT","N.Y.C.",61761,7545
"07/29/2015 06:35:00","EDT","NORTH",61755,478.2
"07/29/2015 06:35:00","EDT","WEST",61752,1779.4
"07/29/2015 06:40:00","EDT","CAPITL",61757,1517.4
"07/29/2015 06:40:00","EDT","CENTRL",61754,1805.7
"07/29/2015 06:40:00","EDT","DUNWOD",61760,826.6
"07/29/2015 06:40:00","EDT","GENESE",61753,1189.7
"07/29/2015 06:40:00","EDT","HUD VL",61758,1147.8
"07/29/2015 06:40:00","EDT","LONGIL",61762,2793.3
"07/29/2015 06:40:00","EDT","MHK VL",61756,882.6
"07/29/2015 06:40:00","EDT","MILLWD",61759,348.2
"07/29/2015 06:40:00","EDT","N.Y.C.",61761,7641.3
"07/29/2015 06:40:00","EDT","NORTH",61755,485.2
"07/29/2015 06:40:00","EDT","WEST",61752,1802.1
"07/29/2015 06:45:00","EDT","CAPITL",61757,1529.9
"07/29/2015 06:45:00","EDT","CENTRL",61754,1808.4
"07/29/2015 06:45:00","EDT","DUNWOD",61760,846.4
"07/29/2015 06:45:00","EDT","GENESE",61753,1198.7
"07/29/2015 06:45:00","EDT","HUD VL",61758,1175.9
"07/29/2015 06:45:00","EDT","LONGIL",61762,2809.4
"07/29/2015 06:45:00","EDT","MHK VL",61756,893.1
"07/29/2015 06:45:00","EDT","MILLWD",61759,331.7
"07/29/2015 06:45:00","EDT","N.Y.C.",61761,7643.5
"07/29/2015 06:45:00","EDT","NORTH",61755,473.5
"07/29/2015 06:45:00","EDT","WEST",61752,1817.2
"07/29/2015 06:50:00","EDT","CAPITL",61757,1545.3
"07/29/2015 06:50:00","EDT","CENTRL",61754,1836.6
"07/29/2015 06:50:00","EDT","DUNWOD",61760,848.3
"07/29/2015 06:50:00","EDT","GENESE",61753,1207.4
"07/29/2015 06:50:00","EDT","HUD VL",61758,1182.4
"07/29/2015 06:50:00","EDT","LONGIL",61762,2814.1
"07/29/2015 06:50:00","EDT","MHK VL",61756,904.5
"07/29/2015 06:50:00","EDT","MILLWD",61759,332.3
"07/29/2015 06:50:00","EDT","N.Y.C.",61761,7703.4
"07/29/2015 06:50:00","EDT","NORTH",61755,482.8
"07/29/2015 06:50:00","EDT","WEST",61752,1809.5
"07/29/2015 06:55:00","EDT","CAPITL",61757,1554
"07/29/2015 06:55:00","EDT","CENTRL",61754,1836.1
"07/29/2015 06:55:00","EDT","DUNWOD",61760,848.5
"07/29/2015 06:55:00","EDT","GENESE",61753,1221.3
"07/29/2015 06:55:00","EDT","HUD VL",61758,1178.5
"07/29/2015 06:55:00","EDT","LONGIL",61762,2863
"07/29/2015 06:55:00","EDT","MHK VL",61756,917.6
"07/29/2015 06:55:00","EDT","MILLWD",61759,351.3
"07/29/2015 06:55:00","EDT","N.Y.C.",61761,7731.9
"07/29/2015 06:55:00","EDT","NORTH",61755,487.4
"07/29/2015 06:55:00","EDT","WEST",61752,1803
"07/29/2015 07:00:00","EDT","CAPITL",61757,1566.4
"07/29/2015 07:00:00","EDT","CENTRL",61754,1854.4
"07/29/2015 07:00:00","EDT","DUNWOD",61760,854.4
"07/29/2015 07:00:00","EDT","GENESE",61753,1228.6
"07/29/2015 07:00:00","EDT","HUD VL",61758,1201.6
"07/29/2015 07:00:00","EDT","LONGIL",61762,2883.6
"07/29/2015 07:00:00","EDT","MHK VL",61756,913.4
"07/29/2015 07:00:00","EDT","MILLWD",61759,351.5
"07/29/2015 07:00:00","EDT","N.Y.C.",61761,7802.7
"07/29/2015 07:00:00","EDT","NORTH",61755,496.8
"07/29/2015 07:00:00","EDT","WEST",61752,1822.2
"07/29/2015 07:05:00","EDT","CAPITL",61757,1576.1
"07/29/2015 07:05:00","EDT","CENTRL",61754,1871.8
"07/29/2015 07:05:00","EDT","DUNWOD",61760,872.2
"07/29/2015 07:05:00","EDT","GENESE",61753,1237.2
"07/29/2015 07:05:00","EDT","HUD VL",61758,1195.2
"07/29/2015 07:05:00","EDT","LONGIL",61762,2913.9
"07/29/2015 07:05:00","EDT","MHK VL",61756,925.1
"07/29/2015 07:05:00","EDT","MILLWD",61759,349.2
"07/29/2015 07:05:00","EDT","N.Y.C.",61761,7908.9
"07/29/2015 07:05:00","EDT","NORTH",61755,503.1
"07/29/2015 07:05:00","EDT","WEST",61752,1844.2
"07/29/2015 07:10:00","EDT","CAPITL",61757,1599.9
"07/29/2015 07:10:00","EDT","CENTRL",61754,1896.4
"07/29/2015 07:10:00","EDT","DUNWOD",61760,874.3
"07/29/2015 07:10:00","EDT","GENESE",61753,1254.8
"07/29/2015 07:10:00","EDT","HUD VL",61758,1232.5
"07/29/2015 07:10:00","EDT","LONGIL",61762,2963.6
"07/29/2015 07:10:00","EDT","MHK VL",61756,952.7
"07/29/2015 07:10:00","EDT","MILLWD",61759,353.5
"07/29/2015 07:10:00","EDT","N.Y.C.",61761,7940.5
"07/29/2015 07:10:00","EDT","NORTH",61755,504.9
"07/29/2015 07:10:00","EDT","WEST",61752,1852.8
"07/29/2015 07:15:00","EDT","CAPITL",61757,1611.7
"07/29/2015 07:15:00","EDT","CENTRL",61754,1915.6
"07/29/2015 07:15:00","EDT","DUNWOD",61760,878.9
"07/29/2015 07:15:00","EDT","GENESE",61753,1260.7
"07/29/2015 07:15:00","EDT","HUD VL",61758,1243.7
"07/29/2015 07:15:00","EDT","LONGIL",61762,3010.4
"07/29/2015 07:15:00","EDT","MHK VL",61756,963.9
"07/29/2015 07:15:00","EDT","MILLWD",61759,363.4
"07/29/2015 07:15:00","EDT","N.Y.C.",61761,8052.3
"07/29/2015 07:15:00","EDT","NORTH",61755,516
"07/29/2015 07:15:00","EDT","WEST",61752,1870.4
"07/29/2015 07:20:00","EDT","CAPITL",61757,1633.4
"07/29/2015 07:20:00","EDT","CENTRL",61754,1914.6
"07/29/2015 07:20:00","EDT","DUNWOD",61760,899.7
"07/29/2015 07:20:00","EDT","GENESE",61753,1281.5
"07/29/2015 07:20:00","EDT","HUD VL",61758,1256.3
"07/29/2015 07:20:00","EDT","LONGIL",61762,3045.2
"07/29/2015 07:20:00","EDT","MHK VL",61756,979.9
"07/29/2015 07:20:00","EDT","MILLWD",61759,360.4
"07/29/2015 07:20:00","EDT","N.Y.C.",61761,8075.8
"07/29/2015 07:20:00","EDT","NORTH",61755,507.9
"07/29/2015 07:20:00","EDT","WEST",61752,1882.6
"07/29/2015 07:25:00","EDT","CAPITL",61757,1635.8
"07/29/2015 07:25:00","EDT","CENTRL",61754,1914.3
"07/29/2015 07:25:00","EDT","DUNWOD",61760,913.4
"07/29/2015 07:25:00","EDT","GENESE",61753,1290.7
"07/29/2015 07:25:00","EDT","HUD VL",61758,1262.4
"07/29/2015 07:25:00","EDT","LONGIL",61762,3047.5
"07/29/2015 07:25:00","EDT","MHK VL",61756,979.5
"07/29/2015 07:25:00","EDT","MILLWD",61759,365.1
"07/29/2015 07:25:00","EDT","N.Y.C.",61761,8147.9
"07/29/2015 07:25:00","EDT","NORTH",61755,510
"07/29/2015 07:25:00","EDT","WEST",61752,1903.3
"07/29/2015 07:30:00","EDT","CAPITL",61757,1642.7
"07/29/2015 07:30:00","EDT","CENTRL",61754,1936
"07/29/2015 07:30:00","EDT","DUNWOD",61760,915.5
"07/29/2015 07:30:00","EDT","GENESE",61753,1302.2
"07/29/2015 07:30:00","EDT","HUD VL",61758,1263
"07/29/2015 07:30:00","EDT","LONGIL",61762,3089.9
"07/29/2015 07:30:00","EDT","MHK VL",61756,999.3
"07/29/2015 07:30:00","EDT","MILLWD",61759,379.1
"07/29/2015 07:30:00","EDT","N.Y.C.",61761,8169.6
"07/29/2015 07:30:00","EDT","NORTH",61755,512.4
"07/29/2015 07:30:00","EDT","WEST",61752,1904.8
"07/29/2015 07:35:00","EDT","CAPITL",61757,1667
"07/29/2015 07:35:00","EDT","CENTRL",61754,1958.5
"07/29/2015 07:35:00","EDT","DUNWOD",61760,939.1
"07/29/2015 07:35:00","EDT","GENESE",61753,1323.7
"07/29/2015 07:35:00","EDT","HUD VL",61758,1296.9
"07/29/2015 07:35:00","EDT","LONGIL",61762,3123.3
"07/29/2015 07:35:00","EDT","MHK VL",61756,1003.7
"07/29/2015 07:35:00","EDT","MILLWD",61759,365.2
"07/29/2015 07:35:00","EDT","N.Y.C.",61761,8239.4
"07/29/2015 07:35:00","EDT","NORTH",61755,500.8
"07/29/2015 07:35:00","EDT","WEST",61752,1906.2
"07/29/2015 07:40:00","EDT","CAPITL",61757,1679.6
"07/29/2015 07:40:00","EDT","CENTRL",61754,1964.7
"07/29/2015 07:40:00","EDT","DUNWOD",61760,927.5
"07/29/2015 07:40:00","EDT","GENESE",61753,1311.4
"07/29/2015 07:40:00","EDT","HUD VL",61758,1310.8
"07/29/2015 07:40:00","EDT","LONGIL",61762,3162.2
"07/29/2015 07:40:00","EDT","MHK VL",61756,1004.4
"07/29/2015 07:40:00","EDT","MILLWD",61759,370.9
"07/29/2015 07:40:00","EDT","N.Y.C.",61761,8278.7
"07/29/2015 07:40:00","EDT","NORTH",61755,525.3
"07/29/2015 07:40:00","EDT","WEST",61752,1918.9
"07/29/2015 07:45:00","EDT","CAPITL",61757,1681.8
"07/29/2015 07:45:00","EDT","CENTRL",61754,1977
"07/29/2015 07:45:00","EDT","DUNWOD",61760,946.2
"07/29/2015 07:45:00","EDT","GENESE",61753,1328.3
"07/29/2015 07:45:00","EDT","HUD VL",61758,1310.7
"07/29/2015 07:45:00","EDT","LONGIL",61762,3205.6
"07/29/2015 07:45:00","EDT","MHK VL",61756,1014.5
"07/29/2015 07:45:00","EDT","MILLWD",61759,356.8
"07/29/2015 07:45:00","EDT","N.Y.C.",61761,8341.3
"07/29/2015 07:45:00","EDT","NORTH",61755,513.8
"07/29/2015 07:45:00","EDT","WEST",61752,1954.1
"07/29/2015 07:50:00","EDT","CAPITL",61757,1699.4
"07/29/2015 07:50:00","EDT","CENTRL",61754,1981.4
"07/29/2015 07:50:00","EDT","DUNWOD",61760,947.7
"07/29/2015 07:50:00","EDT","GENESE",61753,1338
"07/29/2015 07:50:00","EDT","HUD VL",61758,1321.6
"07/29/2015 07:50:00","EDT","LONGIL",61762,3238.7
"07/29/2015 07:50:00","EDT","MHK VL",61756,1022.5
"07/29/2015 07:50:00","EDT","MILLWD",61759,378.5
"07/29/2015 07:50:00","EDT","N.Y.C.",61761,8370.8
"07/29/2015 07:50:00","EDT","NORTH",61755,514.6
"07/29/2015 07:50:00","EDT","WEST",61752,1946.3
"07/29/2015 07:55:00","EDT","CAPITL",61757,1709.7
"07/29/2015 07:55:00","EDT","CENTRL",61754,2019.9
"07/29/2015 07:55:00","EDT","DUNWOD",61760,950.8
"07/29/2015 07:55:00","EDT","GENESE",61753,1343.2
"07/29/2015 07:55:00","EDT","HUD VL",61758,1326.4
"07/29/2015 07:55:00","EDT","LONGIL",61762,3259.4
"07/29/2015 07:55:00","EDT","MHK VL",61756,1018.2
"07/29/2015 07:55:00","EDT","MILLWD",61759,393.6
"07/29/2015 07:55:00","EDT","N.Y.C.",61761,8438.2
"07/29/2015 07:55:00","EDT","NORTH",61755,507
"07/29/2015 07:55:00","EDT","WEST",61752,1938.4
"07/29/2015 08:00:00","EDT","CAPITL",61757,1698
"07/29/2015 08:00:00","EDT","CENTRL",61754,2011.3
"07/29/2015 08:00:00","EDT","DUNWOD",61760,937
"07/29/2015 08:00:00","EDT","GENESE",61753,1342.6
"07/29/2015 08:00:00","EDT","HUD VL",61758,1365.6
"07/29/2015 08:00:00","EDT","LONGIL",61762,3271.6
"07/29/2015 08:00:00","EDT","MHK VL",61756,1039.1
"07/29/2015 08:00:00","EDT","MILLWD",61759,376.8
"07/29/2015 08:00:00","EDT","N.Y.C.",61761,8475.7
"07/29/2015 08:00:00","EDT","NORTH",61755,521.9
"07/29/2015 08:00:00","EDT","WEST",61752,1984.5
"07/29/2015 08:05:00","EDT","CAPITL",61757,1719.4
"07/29/2015 08:05:00","EDT","CENTRL",61754,2049.1
"07/29/2015 08:05:00","EDT","DUNWOD",61760,941.6
"07/29/2015 08:05:00","EDT","GENESE",61753,1343.3
"07/29/2015 08:05:00","EDT","HUD VL",61758,1367.6
"07/29/2015 08:05:00","EDT","LONGIL",61762,3318.5
"07/29/2015 08:05:00","EDT","MHK VL",61756,1046.5
"07/29/2015 08:05:00","EDT","MILLWD",61759,381.5
"07/29/2015 08:05:00","EDT","N.Y.C.",61761,8545.8
"07/29/2015 08:05:00","EDT","NORTH",61755,526.4
"07/29/2015 08:05:00","EDT","WEST",61752,1998.3
"07/29/2015 08:10:00","EDT","CAPITL",61757,1730.8
"07/29/2015 08:10:00","EDT","CENTRL",61754,2049.1
"07/29/2015 08:10:00","EDT","DUNWOD",61760,972.6
"07/29/2015 08:10:00","EDT","GENESE",61753,1362
"07/29/2015 08:10:00","EDT","HUD VL",61758,1381.2
"07/29/2015 08:10:00","EDT","LONGIL",61762,3358
"07/29/2015 08:10:00","EDT","MHK VL",61756,1060
"07/29/2015 08:10:00","EDT","MILLWD",61759,402.8
"07/29/2015 08:10:00","EDT","N.Y.C.",61761,8626.2
"07/29/2015 08:10:00","EDT","NORTH",61755,520
"07/29/2015 08:10:00","EDT","WEST",61752,1987.8
"07/29/2015 08:15:00","EDT","CAPITL",61757,1746.2
"07/29/2015 08:15:00","EDT","CENTRL",61754,2064.2
"07/29/2015 08:15:00","EDT","DUNWOD",61760,980.1
"07/29/2015 08:15:00","EDT","GENESE",61753,1371.5
"07/29/2015 08:15:00","EDT","HUD VL",61758,1403.4
"07/29/2015 08:15:00","EDT","LONGIL",61762,3389.5
"07/29/2015 08:15:00","EDT","MHK VL",61756,1058.8
"07/29/2015 08:15:00","EDT","MILLWD",61759,388.6
"07/29/2015 08:15:00","EDT","N.Y.C.",61761,8663.4
"07/29/2015 08:15:00","EDT","NORTH",61755,525.4
"07/29/2015 08:15:00","EDT","WEST",61752,2021.2
"07/29/2015 08:20:00","EDT","CAPITL",61757,1751.3
"07/29/2015 08:20:00","EDT","CENTRL",61754,2069.1
"07/29/2015 08:20:00","EDT","DUNWOD",61760,985.1
"07/29/2015 08:20:00","EDT","GENESE",61753,1389.6
"07/29/2015 08:20:00","EDT","HUD VL",61758,1402.3
"07/29/2015 08:20:00","EDT","LONGIL",61762,3412.2
"07/29/2015 08:20:00","EDT","MHK VL",61756,1073.9
"07/29/2015 08:20:00","EDT","MILLWD",61759,400.6
"07/29/2015 08:20:00","EDT","N.Y.C.",61761,8725
"07/29/2015 08:20:00","EDT","NORTH",61755,516.4
"07/29/2015 08:20:00","EDT","WEST",61752,2023.8
"07/29/2015 08:25:00","EDT","CAPITL",61757,1757.3
"07/29/2015 08:25:00","EDT","CENTRL",61754,2082.2
"07/29/2015 08:25:00","EDT","DUNWOD",61760,997.2
"07/29/2015 08:25:00","EDT","GENESE",61753,1387.4
"07/29/2015 08:25:00","EDT","HUD VL",61758,1402.6
"07/29/2015 08:25:00","EDT","LONGIL",61762,3450.2
"07/29/2015 08:25:00","EDT","MHK VL",61756,1079.3
"07/29/2015 08:25:00","EDT","MILLWD",61759,417.3
"07/29/2015 08:25:00","EDT","N.Y.C.",61761,8759.1
"07/29/2015 08:25:00","EDT","NORTH",61755,518.5
"07/29/2015 08:25:00","EDT","WEST",61752,2017.5
"07/29/2015 08:30:00","EDT","CAPITL",61757,1771.8
"07/29/2015 08:30:00","EDT","CENTRL",61754,2121.2
"07/29/2015 08:30:00","EDT","DUNWOD",61760,1007.4
"07/29/2015 08:30:00","EDT","GENESE",61753,1390.3
"07/29/2015 08:30:00","EDT","HUD VL",61758,1406.7
"07/29/2015 08:30:00","EDT","LONGIL",61762,3481.6
"07/29/2015 08:30:00","EDT","MHK VL",61756,1076.9
"07/29/2015 08:30:00","EDT","MILLWD",61759,397.7
"07/29/2015 08:30:00","EDT","N.Y.C.",61761,8820.5
"07/29/2015 08:30:00","EDT","NORTH",61755,519.9
"07/29/2015 08:30:00","EDT","WEST",61752,2036.7
"07/29/2015 08:35:00","EDT","CAPITL",61757,1779.8
"07/29/2015 08:35:00","EDT","CENTRL",61754,2116.1
"07/29/2015 08:35:00","EDT","DUNWOD",61760,994
"07/29/2015 08:35:00","EDT","GENESE",61753,1394.2
"07/29/2015 08:35:00","EDT","HUD VL",61758,1426.5
"07/29/2015 08:35:00","EDT","LONGIL",61762,3500.7
"07/29/2015 08:35:00","EDT","MHK VL",61756,1088.4
"07/29/2015 08:35:00","EDT","MILLWD",61759,429.5
"07/29/2015 08:35:00","EDT","N.Y.C.",61761,8870.1
"07/29/2015 08:35:00","EDT","NORTH",61755,527.1
"07/29/2015 08:35:00","EDT","WEST",61752,2066.8
"07/29/2015 08:40:00","EDT","CAPITL",61757,1788.8
"07/29/2015 08:40:00","EDT","CENTRL",61754,2110.8
"07/29/2015 08:40:00","EDT","DUNWOD",61760,1000.2
"07/29/2015 08:40:00","EDT","GENESE",61753,1401.6
"07/29/2015 08:40:00","EDT","HUD VL",61758,1424.6
"07/29/2015 08:40:00","EDT","LONGIL",61762,3550.8
"07/29/2015 08:40:00","EDT","MHK VL",61756,1093.1
"07/29/2015 08:40:00","EDT","MILLWD",61759,427.2
"07/29/2015 08:40:00","EDT","N.Y.C.",61761,8942.2
"07/29/2015 08:40:00","EDT","NORTH",61755,535.2
"07/29/2015 08:40:00","EDT","WEST",61752,2062.2
"07/29/2015 08:45:00","EDT","CAPITL",61757,1782.3
"07/29/2015 08:45:00","EDT","CENTRL",61754,2128.4
"07/29/2015 08:45:00","EDT","DUNWOD",61760,1006.3
"07/29/2015 08:45:00","EDT","GENESE",61753,1420.3
"07/29/2015 08:45:00","EDT","HUD VL",61758,1433.3
"07/29/2015 08:45:00","EDT","LONGIL",61762,3580.8
"07/29/2015 08:45:00","EDT","MHK VL",61756,1096.5
"07/29/2015 08:45:00","EDT","MILLWD",61759,420.1
"07/29/2015 08:45:00","EDT","N.Y.C.",61761,8957.6
"07/29/2015 08:45:00","EDT","NORTH",61755,535.2
"07/29/2015 08:45:00","EDT","WEST",61752,2097.5
"07/29/2015 08:50:00","EDT","CAPITL",61757,1805.5
"07/29/2015 08:50:00","EDT","CENTRL",61754,2137.6
"07/29/2015 08:50:00","EDT","DUNWOD",61760,1012.2
"07/29/2015 08:50:00","EDT","GENESE",61753,1429.9
"07/29/2015 08:50:00","EDT","HUD VL",61758,1435.5
"07/29/2015 08:50:00","EDT","LONGIL",61762,3604.3
"07/29/2015 08:50:00","EDT","MHK VL",61756,1105.6
"07/29/2015 08:50:00","EDT","MILLWD",61759,422.4
"07/29/2015 08:50:00","EDT","N.Y.C.",61761,8960.1
"07/29/2015 08:50:00","EDT","NORTH",61755,523.8
"07/29/2015 08:50:00","EDT","WEST",61752,2092.9
"07/29/2015 08:55:00","EDT","CAPITL",61757,1817.2
"07/29/2015 08:55:00","EDT","CENTRL",61754,2152.3
"07/29/2015 08:55:00","EDT","DUNWOD",61760,1033
"07/29/2015 08:55:00","EDT","GENESE",61753,1436.2
"07/29/2015 08:55:00","EDT","HUD VL",61758,1468.3
"07/29/2015 08:55:00","EDT","LONGIL",61762,3641
"07/29/2015 08:55:00","EDT","MHK VL",61756,1119.8
"07/29/2015 08:55:00","EDT","MILLWD",61759,418.9
"07/29/2015 08:55:00","EDT","N.Y.C.",61761,9034.9
"07/29/2015 08:55:00","EDT","NORTH",61755,529.2
"07/29/2015 08:55:00","EDT","WEST",61752,2116
"07/29/2015 09:00:00","EDT","CAPITL",61757,1821.7
"07/29/2015 09:00:00","EDT","CENTRL",61754,2175.5
"07/29/2015 09:00:00","EDT","DUNWOD",61760,1015.7
"07/29/2015 09:00:00","EDT","GENESE",61753,1450.6
"07/29/2015 09:00:00","EDT","HUD VL",61758,1452.2
"07/29/2015 09:00:00","EDT","LONGIL",61762,3672.9
"07/29/2015 09:00:00","EDT","MHK VL",61756,1122.6
"07/29/2015 09:00:00","EDT","MILLWD",61759,425.3
"07/29/2015 09:00:00","EDT","N.Y.C.",61761,9055.3
"07/29/2015 09:00:00","EDT","NORTH",61755,522.4
"07/29/2015 09:00:00","EDT","WEST",61752,2099.6
"07/29/2015 09:05:00","EDT","CAPITL",61757,1821.4
"07/29/2015 09:05:00","EDT","CENTRL",61754,2180.9
"07/29/2015 09:05:00","EDT","DUNWOD",61760,1040.9
"07/29/2015 09:05:00","EDT","GENESE",61753,1451.8
"07/29/2015 09:05:00","EDT","HUD VL",61758,1458
"07/29/2015 09:05:00","EDT","LONGIL",61762,3691.3
"07/29/2015 09:05:00","EDT","MHK VL",61756,1136.1
"07/29/2015 09:05:00","EDT","MILLWD",61759,421.6
"07/29/2015 09:05:00","EDT","N.Y.C.",61761,9115.4
"07/29/2015 09:05:00","EDT","NORTH",61755,520.4
"07/29/2015 09:05:00","EDT","WEST",61752,2145.2
"07/29/2015 09:10:00","EDT","CAPITL",61757,1839.1
"07/29/2015 09:10:00","EDT","CENTRL",61754,2176.6
"07/29/2015 09:10:00","EDT","DUNWOD",61760,1026.8
"07/29/2015 09:10:00","EDT","GENESE",61753,1468.9
"07/29/2015 09:10:00","EDT","HUD VL",61758,1501
"07/29/2015 09:10:00","EDT","LONGIL",61762,3727.3
"07/29/2015 09:10:00","EDT","MHK VL",61756,1147.9
"07/29/2015 09:10:00","EDT","MILLWD",61759,413.3
"07/29/2015 09:10:00","EDT","N.Y.C.",61761,9213.4
"07/29/2015 09:10:00","EDT","NORTH",61755,530.5
"07/29/2015 09:10:00","EDT","WEST",61752,2151.6
"07/29/2015 09:15:00","EDT","CAPITL",61757,1854.8
"07/29/2015 09:15:00","EDT","CENTRL",61754,2172.6
"07/29/2015 09:15:00","EDT","DUNWOD",61760,1037.5
"07/29/2015 09:15:00","EDT","GENESE",61753,1471.3
"07/29/2015 09:15:00","EDT","HUD VL",61758,1478.8
"07/29/2015 09:15:00","EDT","LONGIL",61762,3759.3
"07/29/2015 09:15:00","EDT","MHK VL",61756,1159.8
"07/29/2015 09:15:00","EDT","MILLWD",61759,436.8
"07/29/2015 09:15:00","EDT","N.Y.C.",61761,9228.1
"07/29/2015 09:15:00","EDT","NORTH",61755,524.5
"07/29/2015 09:15:00","EDT","WEST",61752,2154.2
"07/29/2015 09:20:00","EDT","CAPITL",61757,1866.5
"07/29/2015 09:20:00","EDT","CENTRL",61754,2191
"07/29/2015 09:20:00","EDT","DUNWOD",61760,1047.9
"07/29/2015 09:20:00","EDT","GENESE",61753,1475
"07/29/2015 09:20:00","EDT","HUD VL",61758,1488.8
"07/29/2015 09:20:00","EDT","LONGIL",61762,3812.4
"07/29/2015 09:20:00","EDT","MHK VL",61756,1158.1
"07/29/2015 09:20:00","EDT","MILLWD",61759,424.7
"07/29/2015 09:20:00","EDT","N.Y.C.",61761,9269.8
"07/29/2015 09:20:00","EDT","NORTH",61755,532.8
"07/29/2015 09:20:00","EDT","WEST",61752,2156.6
"07/29/2015 09:25:00","EDT","CAPITL",61757,1883.1
"07/29/2015 09:25:00","EDT","CENTRL",61754,2187
"07/29/2015 09:25:00","EDT","DUNWOD",61760,1054.7
"07/29/2015 09:25:00","EDT","GENESE",61753,1496.6
"07/29/2015 09:25:00","EDT","HUD VL",61758,1531.4
"07/29/2015 09:25:00","EDT","LONGIL",61762,3819.3
"07/29/2015 09:25:00","EDT","MHK VL",61756,1164
"07/29/2015 09:25:00","EDT","MILLWD",61759,426.5
"07/29/2015 09:25:00","EDT","N.Y.C.",61761,9314.8
"07/29/2015 09:25:00","EDT","NORTH",61755,525.5
"07/29/2015 09:25:00","EDT","WEST",61752,2157
"07/29/2015 09:30:00","EDT","CAPITL",61757,1882.8
"07/29/2015 09:30:00","EDT","CENTRL",61754,2207.4
"07/29/2015 09:30:00","EDT","DUNWOD",61760,1077.1
"07/29/2015 09:30:00","EDT","GENESE",61753,1511.4
"07/29/2015 09:30:00","EDT","HUD VL",61758,1528.7
"07/29/2015 09:30:00","EDT","LONGIL",61762,3865.2
"07/29/2015 09:30:00","EDT","MHK VL",61756,1179.4
"07/29/2015 09:30:00","EDT","MILLWD",61759,441.3
"07/29/2015 09:30:00","EDT","N.Y.C.",61761,9356.8
"07/29/2015 09:30:00","EDT","NORTH",61755,530
"07/29/2015 09:30:00","EDT","WEST",61752,2164.1
"07/29/2015 09:35:00","EDT","CAPITL",61757,1890.1
"07/29/2015 09:35:00","EDT","CENTRL",61754,2235.8
"07/29/2015 09:35:00","EDT","DUNWOD",61760,1063.3
"07/29/2015 09:35:00","EDT","GENESE",61753,1509.4
"07/29/2015 09:35:00","EDT","HUD VL",61758,1540.9
"07/29/2015 09:35:00","EDT","LONGIL",61762,3903.3
"07/29/2015 09:35:00","EDT","MHK VL",61756,1182.6
"07/29/2015 09:35:00","EDT","MILLWD",61759,451.9
"07/29/2015 09:35:00","EDT","N.Y.C.",61761,9392.4
"07/29/2015 09:35:00","EDT","NORTH",61755,528.5
"07/29/2015 09:35:00","EDT","WEST",61752,2177.2
"07/29/2015 09:40:00","EDT","CAPITL",61757,1896.7
"07/29/2015 09:40:00","EDT","CENTRL",61754,2249.7
"07/29/2015 09:40:00","EDT","DUNWOD",61760,1087.2
"07/29/2015 09:40:00","EDT","GENESE",61753,1520.4
"07/29/2015 09:40:00","EDT","HUD VL",61758,1552.1
"07/29/2015 09:40:00","EDT","LONGIL",61762,3933.7
"07/29/2015 09:40:00","EDT","MHK VL",61756,1189.9
"07/29/2015 09:40:00","EDT","MILLWD",61759,444.4
"07/29/2015 09:40:00","EDT","N.Y.C.",61761,9446.9
"07/29/2015 09:40:00","EDT","NORTH",61755,533.3
"07/29/2015 09:40:00","EDT","WEST",61752,2208.5
"07/29/2015 09:45:00","EDT","CAPITL",61757,1922.4
"07/29/2015 09:45:00","EDT","CENTRL",61754,2261.7
"07/29/2015 09:45:00","EDT","DUNWOD",61760,1080.8
"07/29/2015 09:45:00","EDT","GENESE",61753,1525.8
"07/29/2015 09:45:00","EDT","HUD VL",61758,1572.8
"07/29/2015 09:45:00","EDT","LONGIL",61762,3957.2
"07/29/2015 09:45:00","EDT","MHK VL",61756,1203.7
"07/29/2015 09:45:00","EDT","MILLWD",61759,450.1
"07/29/2015 09:45:00","EDT","N.Y.C.",61761,9445.8
"07/29/2015 09:45:00","EDT","NORTH",61755,514.1
"07/29/2015 09:45:00","EDT","WEST",61752,2203.2
"07/29/2015 09:50:00","EDT","CAPITL",61757,1919.9
"07/29/2015 09:50:00","EDT","CENTRL",61754,2265.2
"07/29/2015 09:50:00","EDT","DUNWOD",61760,1089.6
"07/29/2015 09:50:00","EDT","GENESE",61753,1534.9
"07/29/2015 09:50:00","EDT","HUD VL",61758,1566.9
"07/29/2015 09:50:00","EDT","LONGIL",61762,4008.2
"07/29/2015 09:50:00","EDT","MHK VL",61756,1197.2
"07/29/2015 09:50:00","EDT","MILLWD",61759,450.5
"07/29/2015 09:50:00","EDT","N.Y.C.",61761,9481.2
"07/29/2015 09:50:00","EDT","NORTH",61755,527.2
"07/29/2015 09:50:00","EDT","WEST",61752,2221.2
"07/29/2015 09:55:00","EDT","CAPITL",61757,1930.9
"07/29/2015 09:55:00","EDT","CENTRL",61754,2294.5
"07/29/2015 09:55:00","EDT","DUNWOD",61760,1097.6
"07/29/2015 09:55:00","EDT","GENESE",61753,1535.9
"07/29/2015 09:55:00","EDT","HUD VL",61758,1588.3
"07/29/2015 09:55:00","EDT","LONGIL",61762,4041.6
"07/29/2015 09:55:00","EDT","MHK VL",61756,1204
"07/29/2015 09:55:00","EDT","MILLWD",61759,452.1
"07/29/2015 09:55:00","EDT","N.Y.C.",61761,9527.4
"07/29/2015 09:55:00","EDT","NORTH",61755,533.3
"07/29/2015 09:55:00","EDT","WEST",61752,2235.2
"07/29/2015 10:00:00","EDT","CAPITL",61757,1938.7
"07/29/2015 10:00:00","EDT","CENTRL",61754,2300.6
"07/29/2015 10:00:00","EDT","DUNWOD",61760,1100.4
"07/29/2015 10:00:00","EDT","GENESE",61753,1542.6
"07/29/2015 10:00:00","EDT","HUD VL",61758,1607.3
"07/29/2015 10:00:00","EDT","LONGIL",61762,4062.5
"07/29/2015 10:00:00","EDT","MHK VL",61756,1210.3
"07/29/2015 10:00:00","EDT","MILLWD",61759,461.4
"07/29/2015 10:00:00","EDT","N.Y.C.",61761,9581.5
"07/29/2015 10:00:00","EDT","NORTH",61755,533.5
"07/29/2015 10:00:00","EDT","WEST",61752,2274.6
"07/29/2015 10:05:00","EDT","CAPITL",61757,1943
"07/29/2015 10:05:00","EDT","CENTRL",61754,2313.2
"07/29/2015 10:05:00","EDT","DUNWOD",61760,1103.3
"07/29/2015 10:05:00","EDT","GENESE",61753,1557.3
"07/29/2015 10:05:00","EDT","HUD VL",61758,1632.1
"07/29/2015 10:05:00","EDT","LONGIL",61762,4085.6
"07/29/2015 10:05:00","EDT","MHK VL",61756,1225.4
"07/29/2015 10:05:00","EDT","MILLWD",61759,469.3
"07/29/2015 10:05:00","EDT","N.Y.C.",61761,9616.3
"07/29/2015 10:05:00","EDT","NORTH",61755,545.3
"07/29/2015 10:05:00","EDT","WEST",61752,2268.1
"07/29/2015 10:10:00","EDT","CAPITL",61757,1955
"07/29/2015 10:10:00","EDT","CENTRL",61754,2325.9
"07/29/2015 10:10:00","EDT","DUNWOD",61760,1120.9
"07/29/2015 10:10:00","EDT","GENESE",61753,1570.7
"07/29/2015 10:10:00","EDT","HUD VL",61758,1632.3
"07/29/2015 10:10:00","EDT","LONGIL",61762,4116.7
"07/29/2015 10:10:00","EDT","MHK VL",61756,1236.2
"07/29/2015 10:10:00","EDT","MILLWD",61759,461.9
"07/29/2015 10:10:00","EDT","N.Y.C.",61761,9672.2
"07/29/2015 10:10:00","EDT","NORTH",61755,545.6
"07/29/2015 10:10:00","EDT","WEST",61752,2270.7
"07/29/2015 10:15:00","EDT","CAPITL",61757,1962.1
"07/29/2015 10:15:00","EDT","CENTRL",61754,2336
"07/29/2015 10:15:00","EDT","DUNWOD",61760,1142.3
"07/29/2015 10:15:00","EDT","GENESE",61753,1579.6
"07/29/2015 10:15:00","EDT","HUD VL",61758,1645.4
"07/29/2015 10:15:00","EDT","LONGIL",61762,4146.3
"07/29/2015 10:15:00","EDT","MHK VL",61756,1230.5
"07/29/2015 10:15:00","EDT","MILLWD",61759,466.4
"07/29/2015 10:15:00","EDT","N.Y.C.",61761,9666.2
"07/29/2015 10:15:00","EDT","NORTH",61755,541.4
"07/29/2015 10:15:00","EDT","WEST",61752,2312.6
"07/29/2015 10:20:00","EDT","CAPITL",61757,1969
"07/29/2015 10:20:00","EDT","CENTRL",61754,2357.8
"07/29/2015 10:20:00","EDT","DUNWOD",61760,1141.2
"07/29/2015 10:20:00","EDT","GENESE",61753,1592.5
"07/29/2015 10:20:00","EDT","HUD VL",61758,1664.2
"07/29/2015 10:20:00","EDT","LONGIL",61762,4172.1
"07/29/2015 10:20:00","EDT","MHK VL",61756,1226
"07/29/2015 10:20:00","EDT","MILLWD",61759,482.6
"07/29/2015 10:20:00","EDT","N.Y.C.",61761,9685.2
"07/29/2015 10:20:00","EDT","NORTH",61755,541.5
"07/29/2015 10:20:00","EDT","WEST",61752,2319
"07/29/2015 10:25:00","EDT","CAPITL",61757,1969
"07/29/2015 10:25:00","EDT","CENTRL",61754,2353.8
"07/29/2015 10:25:00","EDT","DUNWOD",61760,1118.1
"07/29/2015 10:25:00","EDT","GENESE",61753,1591.6
"07/29/2015 10:25:00","EDT","HUD VL",61758,1646.2
"07/29/2015 10:25:00","EDT","LONGIL",61762,4212.8
"07/29/2015 10:25:00","EDT","MHK VL",61756,1244
"07/29/2015 10:25:00","EDT","MILLWD",61759,501.1
"07/29/2015 10:25:00","EDT","N.Y.C.",61761,9747.6
"07/29/2015 10:25:00","EDT","NORTH",61755,550.3
"07/29/2015 10:25:00","EDT","WEST",61752,2345.5
"07/29/2015 10:30:00","EDT","CAPITL",61757,1971.8
"07/29/2015 10:30:00","EDT","CENTRL",61754,2375.3
"07/29/2015 10:30:00","EDT","DUNWOD",61760,1125.9
"07/29/2015 10:30:00","EDT","GENESE",61753,1607.2
"07/29/2015 10:30:00","EDT","HUD VL",61758,1678.3
"07/29/2015 10:30:00","EDT","LONGIL",61762,4244.5
"07/29/2015 10:30:00","EDT","MHK VL",61756,1232.3
"07/29/2015 10:30:00","EDT","MILLWD",61759,484.7
"07/29/2015 10:30:00","EDT","N.Y.C.",61761,9718.5
"07/29/2015 10:30:00","EDT","NORTH",61755,558.3
"07/29/2015 10:30:00","EDT","WEST",61752,2336
"07/29/2015 10:35:00","EDT","CAPITL",61757,1966.7
"07/29/2015 10:35:00","EDT","CENTRL",61754,2382
"07/29/2015 10:35:00","EDT","DUNWOD",61760,1149.4
"07/29/2015 10:35:00","EDT","GENESE",61753,1615
"07/29/2015 10:35:00","EDT","HUD VL",61758,1694.6
"07/29/2015 10:35:00","EDT","LONGIL",61762,4275.6
"07/29/2015 10:35:00","EDT","MHK VL",61756,1243.9
"07/29/2015 10:35:00","EDT","MILLWD",61759,479.2
"07/29/2015 10:35:00","EDT","N.Y.C.",61761,9736.6
"07/29/2015 10:35:00","EDT","NORTH",61755,535.2
"07/29/2015 10:35:00","EDT","WEST",61752,2358.7
"07/29/2015 10:40:00","EDT","CAPITL",61757,1986.2
"07/29/2015 10:40:00","EDT","CENTRL",61754,2411.5
"07/29/2015 10:40:00","EDT","DUNWOD",61760,1165.7
"07/29/2015 10:40:00","EDT","GENESE",61753,1623.9
"07/29/2015 10:40:00","EDT","HUD VL",61758,1722.1
"07/29/2015 10:40:00","EDT","LONGIL",61762,4320.1
"07/29/2015 10:40:00","EDT","MHK VL",61756,1244
"07/29/2015 10:40:00","EDT","MILLWD",61759,471.8
"07/29/2015 10:40:00","EDT","N.Y.C.",61761,9796.7
"07/29/2015 10:40:00","EDT","NORTH",61755,547.4
"07/29/2015 10:40:00","EDT","WEST",61752,2369
"07/29/2015 10:45:00","EDT","CAPITL",61757,1981.2
"07/29/2015 10:45:00","EDT","CENTRL",61754,2383.5
"07/29/2015 10:45:00","EDT","DUNWOD",61760,1159
"07/29/2015 10:45:00","EDT","GENESE",61753,1641.5
"07/29/2015 10:45:00","EDT","HUD VL",61758,1698.7
"07/29/2015 10:45:00","EDT","LONGIL",61762,4333
"07/29/2015 10:45:00","EDT","MHK VL",61756,1252.2
"07/29/2015 10:45:00","EDT","MILLWD",61759,498.3
"07/29/2015 10:45:00","EDT","N.Y.C.",61761,9791.7
"07/29/2015 10:45:00","EDT","NORTH",61755,550.7
"07/29/2015 10:45:00","EDT","WEST",61752,2347.9
"07/29/2015 10:50:00","EDT","CAPITL",61757,1988.9
"07/29/2015 10:50:00","EDT","CENTRL",61754,2419.5
"07/29/2015 10:50:00","EDT","DUNWOD",61760,1154.7
"07/29/2015 10:50:00","EDT","GENESE",61753,1647.5
"07/29/2015 10:50:00","EDT","HUD VL",61758,1725.1
"07/29/2015 10:50:00","EDT","LONGIL",61762,4370.6
"07/29/2015 10:50:00","EDT","MHK VL",61756,1254.5
"07/29/2015 10:50:00","EDT","MILLWD",61759,503.6
"07/29/2015 10:50:00","EDT","N.Y.C.",61761,9826.6
"07/29/2015 10:50:00","EDT","NORTH",61755,545.5
"07/29/2015 10:50:00","EDT","WEST",61752,2363.6
"07/29/2015 10:55:00","EDT","CAPITL",61757,1998.7
"07/29/2015 10:55:00","EDT","CENTRL",61754,2420.7
"07/29/2015 10:55:00","EDT","DUNWOD",61760,1156.9
"07/29/2015 10:55:00","EDT","GENESE",61753,1654.4
"07/29/2015 10:55:00","EDT","HUD VL",61758,1724.8
"07/29/2015 10:55:00","EDT","LONGIL",61762,4406.1
"07/29/2015 10:55:00","EDT","MHK VL",61756,1256.7
"07/29/2015 10:55:00","EDT","MILLWD",61759,501
"07/29/2015 10:55:00","EDT","N.Y.C.",61761,9842.3
"07/29/2015 10:55:00","EDT","NORTH",61755,551.6
"07/29/2015 10:55:00","EDT","WEST",61752,2373.7
"07/29/2015 11:00:00","EDT","CAPITL",61757,2000.9
"07/29/2015 11:00:00","EDT","CENTRL",61754,2443.3
"07/29/2015 11:00:00","EDT","DUNWOD",61760,1156
"07/29/2015 11:00:00","EDT","GENESE",61753,1668.2
"07/29/2015 11:00:00","EDT","HUD VL",61758,1743.8
"07/29/2015 11:00:00","EDT","LONGIL",61762,4417.5
"07/29/2015 11:00:00","EDT","MHK VL",61756,1265.4
"07/29/2015 11:00:00","EDT","MILLWD",61759,499.3
"07/29/2015 11:00:00","EDT","N.Y.C.",61761,9867.4
"07/29/2015 11:00:00","EDT","NORTH",61755,548.3
"07/29/2015 11:00:00","EDT","WEST",61752,2374.6
"07/29/2015 11:05:00","EDT","CAPITL",61757,2014.7
"07/29/2015 11:05:00","EDT","CENTRL",61754,2437
"07/29/2015 11:05:00","EDT","DUNWOD",61760,1164.7
"07/29/2015 11:05:00","EDT","GENESE",61753,1672.1
"07/29/2015 11:05:00","EDT","HUD VL",61758,1747
"07/29/2015 11:05:00","EDT","LONGIL",61762,4443.3
"07/29/2015 11:05:00","EDT","MHK VL",61756,1258
"07/29/2015 11:05:00","EDT","MILLWD",61759,499.6
"07/29/2015 11:05:00","EDT","N.Y.C.",61761,9867
"07/29/2015 11:05:00","EDT","NORTH",61755,552.2
"07/29/2015 11:05:00","EDT","WEST",61752,2391.4
"07/29/2015 11:10:00","EDT","CAPITL",61757,2024.8
"07/29/2015 11:10:00","EDT","CENTRL",61754,2440.8
"07/29/2015 11:10:00","EDT","DUNWOD",61760,1171.8
"07/29/2015 11:10:00","EDT","GENESE",61753,1686.4
"07/29/2015 11:10:00","EDT","HUD VL",61758,1754.7
"07/29/2015 11:10:00","EDT","LONGIL",61762,4473.2
"07/29/2015 11:10:00","EDT","MHK VL",61756,1275.6
"07/29/2015 11:10:00","EDT","MILLWD",61759,505.2
"07/29/2015 11:10:00","EDT","N.Y.C.",61761,9928.5
"07/29/2015 11:10:00","EDT","NORTH",61755,551.1
"07/29/2015 11:10:00","EDT","WEST",61752,2385.8
"07/29/2015 11:15:00","EDT","CAPITL",61757,2028.7
"07/29/2015 11:15:00","EDT","CENTRL",61754,2448
"07/29/2015 11:15:00","EDT","DUNWOD",61760,1164
"07/29/2015 11:15:00","EDT","GENESE",61753,1694.3
"07/29/2015 11:15:00","EDT","HUD VL",61758,1766.7
"07/29/2015 11:15:00","EDT","LONGIL",61762,4497.9
"07/29/2015 11:15:00","EDT","MHK VL",61756,1276.6
"07/29/2015 11:15:00","EDT","MILLWD",61759,502.3
"07/29/2015 11:15:00","EDT","N.Y.C.",61761,9919.4
"07/29/2015 11:15:00","EDT","NORTH",61755,552.1
"07/29/2015 11:15:00","EDT","WEST",61752,2423.8
"07/29/2015 11:20:00","EDT","CAPITL",61757,2029.7
"07/29/2015 11:20:00","EDT","CENTRL",61754,2473
"07/29/2015 11:20:00","EDT","DUNWOD",61760,1181.1
"07/29/2015 11:20:00","EDT","GENESE",61753,1706.4
"07/29/2015 11:20:00","EDT","HUD VL",61758,1773.4
"07/29/2015 11:20:00","EDT","LONGIL",61762,4545.1
"07/29/2015 11:20:00","EDT","MHK VL",61756,1272.6
"07/29/2015 11:20:00","EDT","MILLWD",61759,500.6
"07/29/2015 11:20:00","EDT","N.Y.C.",61761,9934.9
"07/29/2015 11:20:00","EDT","NORTH",61755,558.1
"07/29/2015 11:20:00","EDT","WEST",61752,2435.8
"07/29/2015 11:25:00","EDT","CAPITL",61757,2036.9
"07/29/2015 11:25:00","EDT","CENTRL",61754,2470.7
"07/29/2015 11:25:00","EDT","DUNWOD",61760,1183.8
"07/29/2015 11:25:00","EDT","GENESE",61753,1713
"07/29/2015 11:25:00","EDT","HUD VL",61758,1775.9
"07/29/2015 11:25:00","EDT","LONGIL",61762,4563.4
"07/29/2015 11:25:00","EDT","MHK VL",61756,1281.1
"07/29/2015 11:25:00","EDT","MILLWD",61759,513.9
"07/29/2015 11:25:00","EDT","N.Y.C.",61761,9962
"07/29/2015 11:25:00","EDT","NORTH",61755,551.9
"07/29/2015 11:25:00","EDT","WEST",61752,2415.5
"07/29/2015 11:30:00","EDT","CAPITL",61757,2044.3
"07/29/2015 11:30:00","EDT","CENTRL",61754,2496.5
"07/29/2015 11:30:00","EDT","DUNWOD",61760,1188.7
"07/29/2015 11:30:00","EDT","GENESE",61753,1721.7
"07/29/2015 11:30:00","EDT","HUD VL",61758,1772.7
"07/29/2015 11:30:00","EDT","LONGIL",61762,4594.2
"07/29/2015 11:30:00","EDT","MHK VL",61756,1273.7
"07/29/2015 11:30:00","EDT","MILLWD",61759,517.2
"07/29/2015 11:30:00","EDT","N.Y.C.",61761,9938.4
"07/29/2015 11:30:00","EDT","NORTH",61755,556.1
"07/29/2015 11:30:00","EDT","WEST",61752,2430.6
"07/29/2015 11:35:00","EDT","CAPITL",61757,2054.3
"07/29/2015 11:35:00","EDT","CENTRL",61754,2478.4
"07/29/2015 11:35:00","EDT","DUNWOD",61760,1181.9
"07/29/2015 11:35:00","EDT","GENESE",61753,1737.8
"07/29/2015 11:35:00","EDT","HUD VL",61758,1804.9
"07/29/2015 11:35:00","EDT","LONGIL",61762,4601.7
"07/29/2015 11:35:00","EDT","MHK VL",61756,1280.8
"07/29/2015 11:35:00","EDT","MILLWD",61759,509.4
"07/29/2015 11:35:00","EDT","N.Y.C.",61761,10006.2
"07/29/2015 11:35:00","EDT","NORTH",61755,549
"07/29/2015 11:35:00","EDT","WEST",61752,2447.6
"07/29/2015 11:40:00","EDT","CAPITL",61757,2054.1
"07/29/2015 11:40:00","EDT","CENTRL",61754,2493.3
"07/29/2015 11:40:00","EDT","DUNWOD",61760,1187.4
"07/29/2015 11:40:00","EDT","GENESE",61753,1746.1
"07/29/2015 11:40:00","EDT","HUD VL",61758,1809.1
"07/29/2015 11:40:00","EDT","LONGIL",61762,4624.4
"07/29/2015 11:40:00","EDT","MHK VL",61756,1280
"07/29/2015 11:40:00","EDT","MILLWD",61759,521.2
"07/29/2015 11:40:00","EDT","N.Y.C.",61761,9978.8
"07/29/2015 11:40:00","EDT","NORTH",61755,559.8
"07/29/2015 11:40:00","EDT","WEST",61752,2467
"07/29/2015 11:45:00","EDT","CAPITL",61757,2057.2
"07/29/2015 11:45:00","EDT","CENTRL",61754,2515
"07/29/2015 11:45:00","EDT","DUNWOD",61760,1188.1
"07/29/2015 11:45:00","EDT","GENESE",61753,1750.9
"07/29/2015 11:45:00","EDT","HUD VL",61758,1818.4
"07/29/2015 11:45:00","EDT","LONGIL",61762,4634.5
"07/29/2015 11:45:00","EDT","MHK VL",61756,1291.2
"07/29/2015 11:45:00","EDT","MILLWD",61759,520.1
"07/29/2015 11:45:00","EDT","N.Y.C.",61761,10003.4
"07/29/2015 11:45:00","EDT","NORTH",61755,547.4
"07/29/2015 11:45:00","EDT","WEST",61752,2467
"07/29/2015 11:50:00","EDT","CAPITL",61757,2067.6
"07/29/2015 11:50:00","EDT","CENTRL",61754,2523.8
"07/29/2015 11:50:00","EDT","DUNWOD",61760,1210.8
"07/29/2015 11:50:00","EDT","GENESE",61753,1751.6
"07/29/2015 11:50:00","EDT","HUD VL",61758,1833.2
"07/29/2015 11:50:00","EDT","LONGIL",61762,4657.4
"07/29/2015 11:50:00","EDT","MHK VL",61756,1298.5
"07/29/2015 11:50:00","EDT","MILLWD",61759,511.3
"07/29/2015 11:50:00","EDT","N.Y.C.",61761,10022.6
"07/29/2015 11:50:00","EDT","NORTH",61755,549.7
"07/29/2015 11:50:00","EDT","WEST",61752,2483.4
"07/29/2015 11:55:00","EDT","CAPITL",61757,2064.8
"07/29/2015 11:55:00","EDT","CENTRL",61754,2516.8
"07/29/2015 11:55:00","EDT","DUNWOD",61760,1201.9
"07/29/2015 11:55:00","EDT","GENESE",61753,1761.1
"07/29/2015 11:55:00","EDT","HUD VL",61758,1830.9
"07/29/2015 11:55:00","EDT","LONGIL",61762,4678.9
"07/29/2015 11:55:00","EDT","MHK VL",61756,1298.2
"07/29/2015 11:55:00","EDT","MILLWD",61759,514
"07/29/2015 11:55:00","EDT","N.Y.C.",61761,10038.4
"07/29/2015 11:55:00","EDT","NORTH",61755,565.1
"07/29/2015 11:55:00","EDT","WEST",61752,2509.1
"07/29/2015 12:00:00","EDT","CAPITL",61757,2069.3
"07/29/2015 12:00:00","EDT","CENTRL",61754,2517.2
"07/29/2015 12:00:00","EDT","DUNWOD",61760,1204.7
"07/29/2015 12:00:00","EDT","GENESE",61753,1768.4
"07/29/2015 12:00:00","EDT","HUD VL",61758,1844.8
"07/29/2015 12:00:00","EDT","LONGIL",61762,4710.9
"07/29/2015 12:00:00","EDT","MHK VL",61756,1311.9
"07/29/2015 12:00:00","EDT","MILLWD",61759,525.2
"07/29/2015 12:00:00","EDT","N.Y.C.",61761,10020.2
"07/29/2015 12:00:00","EDT","NORTH",61755,549.4
"07/29/2015 12:00:00","EDT","WEST",61752,2503.3
"07/29/2015 12:05:00","EDT","CAPITL",61757,2084.1
"07/29/2015 12:05:00","EDT","CENTRL",61754,2533.7
"07/29/2015 12:05:00","EDT","DUNWOD",61760,1213.7
"07/29/2015 12:05:00","EDT","GENESE",61753,1768.6
"07/29/2015 12:05:00","EDT","HUD VL",61758,1834
"07/29/2015 12:05:00","EDT","LONGIL",61762,4722.3
"07/29/2015 12:05:00","EDT","MHK VL",61756,1296.7
"07/29/2015 12:05:00","EDT","MILLWD",61759,510.3
"07/29/2015 12:05:00","EDT","N.Y.C.",61761,10036.4
"07/29/2015 12:05:00","EDT","NORTH",61755,556.5
"07/29/2015 12:05:00","EDT","WEST",61752,2496.8
"07/29/2015 12:10:00","EDT","CAPITL",61757,2074
"07/29/2015 12:10:00","EDT","CENTRL",61754,2526.7
"07/29/2015 12:10:00","EDT","DUNWOD",61760,1204.4
"07/29/2015 12:10:00","EDT","GENESE",61753,1782.6
"07/29/2015 12:10:00","EDT","HUD VL",61758,1866.8
"07/29/2015 12:10:00","EDT","LONGIL",61762,4726.4
"07/29/2015 12:10:00","EDT","MHK VL",61756,1303
"07/29/2015 12:10:00","EDT","MILLWD",61759,525.2
"07/29/2015 12:10:00","EDT","N.Y.C.",61761,10025.8
"07/29/2015 12:10:00","EDT","NORTH",61755,543.6
"07/29/2015 12:10:00","EDT","WEST",61752,2492.7
"07/29/2015 12:15:00","EDT","CAPITL",61757,2095.7
"07/29/2015 12:15:00","EDT","CENTRL",61754,2522.8
"07/29/2015 12:15:00","EDT","DUNWOD",61760,1223
"07/29/2015 12:15:00","EDT","GENESE",61753,1790.5
"07/29/2015 12:15:00","EDT","HUD VL",61758,1861.2
"07/29/2015 12:15:00","EDT","LONGIL",61762,4746.5
"07/29/2015 12:15:00","EDT","MHK VL",61756,1300.6
"07/29/2015 12:15:00","EDT","MILLWD",61759,533
"07/29/2015 12:15:00","EDT","N.Y.C.",61761,10039.8
"07/29/2015 12:15:00","EDT","NORTH",61755,559.5
"07/29/2015 12:15:00","EDT","WEST",61752,2513.8
"07/29/2015 12:20:00","EDT","CAPITL",61757,2091.7
"07/29/2015 12:20:00","EDT","CENTRL",61754,2548.4
"07/29/2015 12:20:00","EDT","DUNWOD",61760,1212.6
"07/29/2015 12:20:00","EDT","GENESE",61753,1787.4
"07/29/2015 12:20:00","EDT","HUD VL",61758,1867.3
"07/29/2015 12:20:00","EDT","LONGIL",61762,4750.6
"07/29/2015 12:20:00","EDT","MHK VL",61756,1310.8
"07/29/2015 12:20:00","EDT","MILLWD",61759,526.9
"07/29/2015 12:20:00","EDT","N.Y.C.",61761,10071.7
"07/29/2015 12:20:00","EDT","NORTH",61755,544.4
"07/29/2015 12:20:00","EDT","WEST",61752,2480.8
"07/29/2015 12:25:00","EDT","CAPITL",61757,2113.4
"07/29/2015 12:25:00","EDT","CENTRL",61754,2557.8
"07/29/2015 12:25:00","EDT","DUNWOD",61760,1226.4
"07/29/2015 12:25:00","EDT","GENESE",61753,1795
"07/29/2015 12:25:00","EDT","HUD VL",61758,1884.6
"07/29/2015 12:25:00","EDT","LONGIL",61762,4780.6
"07/29/2015 12:25:00","EDT","MHK VL",61756,1308
"07/29/2015 12:25:00","EDT","MILLWD",61759,525.6
"07/29/2015 12:25:00","EDT","N.Y.C.",61761,10092.6
"07/29/2015 12:25:00","EDT","NORTH",61755,555.4
"07/29/2015 12:25:00","EDT","WEST",61752,2516.8
"07/29/2015 12:30:00","EDT","CAPITL",61757,2117.6
"07/29/2015 12:30:00","EDT","CENTRL",61754,2547.9
"07/29/2015 12:30:00","EDT","DUNWOD",61760,1228.4
"07/29/2015 12:30:00","EDT","GENESE",61753,1807.1
"07/29/2015 12:30:00","EDT","HUD VL",61758,1901.8
"07/29/2015 12:30:00","EDT","LONGIL",61762,4784.2
"07/29/2015 12:30:00","EDT","MHK VL",61756,1319.2
"07/29/2015 12:30:00","EDT","MILLWD",61759,540.7
"07/29/2015 12:30:00","EDT","N.Y.C.",61761,10062.7
"07/29/2015 12:30:00","EDT","NORTH",61755,548.3
"07/29/2015 12:30:00","EDT","WEST",61752,2515.7
"07/29/2015 12:35:00","EDT","CAPITL",61757,2120.9
"07/29/2015 12:35:00","EDT","CENTRL",61754,2562.4
"07/29/2015 12:35:00","EDT","DUNWOD",61760,1225.5
"07/29/2015 12:35:00","EDT","GENESE",61753,1810.9
"07/29/2015 12:35:00","EDT","HUD VL",61758,1884.3
"07/29/2015 12:35:00","EDT","LONGIL",61762,4797.6
"07/29/2015 12:35:00","EDT","MHK VL",61756,1314.5
"07/29/2015 12:35:00","EDT","MILLWD",61759,550.3
"07/29/2015 12:35:00","EDT","N.Y.C.",61761,10089.2
"07/29/2015 12:35:00","EDT","NORTH",61755,545.6
"07/29/2015 12:35:00","EDT","WEST",61752,2522.7
"07/29/2015 12:40:00","EDT","CAPITL",61757,2132.5
"07/29/2015 12:40:00","EDT","CENTRL",61754,2595.9
"07/29/2015 12:40:00","EDT","DUNWOD",61760,1240.3
"07/29/2015 12:40:00","EDT","GENESE",61753,1808.4
"07/29/2015 12:40:00","EDT","HUD VL",61758,1897.4
"07/29/2015 12:40:00","EDT","LONGIL",61762,4808.5
"07/29/2015 12:40:00","EDT","MHK VL",61756,1305.9
"07/29/2015 12:40:00","EDT","MILLWD",61759,532.4
"07/29/2015 12:40:00","EDT","N.Y.C.",61761,10114.1
"07/29/2015 12:40:00","EDT","NORTH",61755,561.6
"07/29/2015 12:40:00","EDT","WEST",61752,2579.1
"07/29/2015 12:45:00","EDT","CAPITL",61757,2131.6
"07/29/2015 12:45:00","EDT","CENTRL",61754,2581
"07/29/2015 12:45:00","EDT","DUNWOD",61760,1241.4
"07/29/2015 12:45:00","EDT","GENESE",61753,1823.8
"07/29/2015 12:45:00","EDT","HUD VL",61758,1921
"07/29/2015 12:45:00","EDT","LONGIL",61762,4801.3
"07/29/2015 12:45:00","EDT","MHK VL",61756,1331.9
"07/29/2015 12:45:00","EDT","MILLWD",61759,537.2
"07/29/2015 12:45:00","EDT","N.Y.C.",61761,10114.6
"07/29/2015 12:45:00","EDT","NORTH",61755,559.5
"07/29/2015 12:45:00","EDT","WEST",61752,2544.7
"07/29/2015 12:50:00","EDT","CAPITL",61757,2146.3
"07/29/2015 12:50:00","EDT","CENTRL",61754,2599.1
"07/29/2015 12:50:00","EDT","DUNWOD",61760,1239.8
"07/29/2015 12:50:00","EDT","GENESE",61753,1830.9
"07/29/2015 12:50:00","EDT","HUD VL",61758,1940
"07/29/2015 12:50:00","EDT","LONGIL",61762,4822.2
"07/29/2015 12:50:00","EDT","MHK VL",61756,1345.9
"07/29/2015 12:50:00","EDT","MILLWD",61759,537.4
"07/29/2015 12:50:00","EDT","N.Y.C.",61761,10116.6
"07/29/2015 12:50:00","EDT","NORTH",61755,539.6
"07/29/2015 12:50:00","EDT","WEST",61752,2551
"07/29/2015 12:55:00","EDT","CAPITL",61757,2155.2
"07/29/2015 12:55:00","EDT","CENTRL",61754,2588.5
"07/29/2015 12:55:00","EDT","DUNWOD",61760,1258.5
"07/29/2015 12:55:00","EDT","GENESE",61753,1843.5
"07/29/2015 12:55:00","EDT","HUD VL",61758,1918.8
"07/29/2015 12:55:00","EDT","LONGIL",61762,4848
"07/29/2015 12:55:00","EDT","MHK VL",61756,1326.8
"07/29/2015 12:55:00","EDT","MILLWD",61759,562.9
"07/29/2015 12:55:00","EDT","N.Y.C.",61761,10115.3
"07/29/2015 12:55:00","EDT","NORTH",61755,552.9
"07/29/2015 12:55:00","EDT","WEST",61752,2572.8
"07/29/2015 13:00:00","EDT","CAPITL",61757,2155.5
"07/29/2015 13:00:00","EDT","CENTRL",61754,2608.6
"07/29/2015 13:00:00","EDT","DUNWOD",61760,1251.7
"07/29/2015 13:00:00","EDT","GENESE",61753,1846
"07/29/2015 13:00:00","EDT","HUD VL",61758,1945.4
"07/29/2015 13:00:00","EDT","LONGIL",61762,4836.9
"07/29/2015 13:00:00","EDT","MHK VL",61756,1341.6
"07/29/2015 13:00:00","EDT","MILLWD",61759,550.4
"07/29/2015 13:00:00","EDT","N.Y.C.",61761,10153
"07/29/2015 13:00:00","EDT","NORTH",61755,546.4
"07/29/2015 13:00:00","EDT","WEST",61752,2576.4
"07/29/2015 13:05:00","EDT","CAPITL",61757,2166.5
"07/29/2015 13:05:00","EDT","CENTRL",61754,2609.5
"07/29/2015 13:05:00","EDT","DUNWOD",61760,1257.5
"07/29/2015 13:05:00","EDT","GENESE",61753,1858.5
"07/29/2015 13:05:00","EDT","HUD VL",61758,1964.4
"07/29/2015 13:05:00","EDT","LONGIL",61762,4864.6
"07/29/2015 13:05:00","EDT","MHK VL",61756,1341.1
"07/29/2015 13:05:00","EDT","MILLWD",61759,551.1
"07/29/2015 13:05:00","EDT","N.Y.C.",61761,10135.9
"07/29/2015 13:05:00","EDT","NORTH",61755,553.8
"07/29/2015 13:05:00","EDT","WEST",61752,2546
"07/29/2015 13:10:00","EDT","CAPITL",61757,2164.5
"07/29/2015 13:10:00","EDT","CENTRL",61754,2620
"07/29/2015 13:10:00","EDT","DUNWOD",61760,1269.5
"07/29/2015 13:10:00","EDT","GENESE",61753,1858.7
"07/29/2015 13:10:00","EDT","HUD VL",61758,1967.3
"07/29/2015 13:10:00","EDT","LONGIL",61762,4872.2
"07/29/2015 13:10:00","EDT","MHK VL",61756,1346.8
"07/29/2015 13:10:00","EDT","MILLWD",61759,542.1
"07/29/2015 13:10:00","EDT","N.Y.C.",61761,10167
"07/29/2015 13:10:00","EDT","NORTH",61755,548.7
"07/29/2015 13:10:00","EDT","WEST",61752,2586.8
"07/29/2015 13:15:00","EDT","CAPITL",61757,2182.4
"07/29/2015 13:15:00","EDT","CENTRL",61754,2621.5
"07/29/2015 13:15:00","EDT","DUNWOD",61760,1264.3
"07/29/2015 13:15:00","EDT","GENESE",61753,1862.5
"07/29/2015 13:15:00","EDT","HUD VL",61758,1990.2
"07/29/2015 13:15:00","EDT","LONGIL",61762,4887.5
"07/29/2015 13:15:00","EDT","MHK VL",61756,1345.5
"07/29/2015 13:15:00","EDT","MILLWD",61759,555.8
"07/29/2015 13:15:00","EDT","N.Y.C.",61761,10150.1
"07/29/2015 13:15:00","EDT","NORTH",61755,556
"07/29/2015 13:15:00","EDT","WEST",61752,2614.5
"07/29/2015 13:20:00","EDT","CAPITL",61757,2177.9
"07/29/2015 13:20:00","EDT","CENTRL",61754,2619.6
"07/29/2015 13:20:00","EDT","DUNWOD",61760,1253.1
"07/29/2015 13:20:00","EDT","GENESE",61753,1874.4
"07/29/2015 13:20:00","EDT","HUD VL",61758,1957.1
"07/29/2015 13:20:00","EDT","LONGIL",61762,4894.7
"07/29/2015 13:20:00","EDT","MHK VL",61756,1348.6
"07/29/2015 13:20:00","EDT","MILLWD",61759,565.4
"07/29/2015 13:20:00","EDT","N.Y.C.",61761,10182.6
"07/29/2015 13:20:00","EDT","NORTH",61755,564.2
"07/29/2015 13:20:00","EDT","WEST",61752,2616.5
"07/29/2015 13:25:00","EDT","CAPITL",61757,2179.7
"07/29/2015 13:25:00","EDT","CENTRL",61754,2647.2
"07/29/2015 13:25:00","EDT","DUNWOD",61760,1278.1
"07/29/2015 13:25:00","EDT","GENESE",61753,1875.5
"07/29/2015 13:25:00","EDT","HUD VL",61758,1984.6
"07/29/2015 13:25:00","EDT","LONGIL",61762,4914.1
"07/29/2015 13:25:00","EDT","MHK VL",61756,1352.8
"07/29/2015 13:25:00","EDT","MILLWD",61759,551
"07/29/2015 13:25:00","EDT","N.Y.C.",61761,10194.4
"07/29/2015 13:25:00","EDT","NORTH",61755,560.6
"07/29/2015 13:25:00","EDT","WEST",61752,2600.5
"07/29/2015 13:30:00","EDT","CAPITL",61757,2183.9
"07/29/2015 13:30:00","EDT","CENTRL",61754,2673.3
"07/29/2015 13:30:00","EDT","DUNWOD",61760,1278.5
"07/29/2015 13:30:00","EDT","GENESE",61753,1880.6
"07/29/2015 13:30:00","EDT","HUD VL",61758,2023
"07/29/2015 13:30:00","EDT","LONGIL",61762,4915.9
"07/29/2015 13:30:00","EDT","MHK VL",61756,1343.1
"07/29/2015 13:30:00","EDT","MILLWD",61759,565.2
"07/29/2015 13:30:00","EDT","N.Y.C.",61761,10190.6
"07/29/2015 13:30:00","EDT","NORTH",61755,557.9
"07/29/2015 13:30:00","EDT","WEST",61752,2619.6
"07/29/2015 13:35:00","EDT","CAPITL",61757,2180.7
"07/29/2015 13:35:00","EDT","CENTRL",61754,2658.2
"07/29/2015 13:35:00","EDT","DUNWOD",61760,1276
"07/29/2015 13:35:00","EDT","GENESE",61753,1883.4
"07/29/2015 13:35:00","EDT","HUD VL",61758,2007.8
"07/29/2015 13:35:00","EDT","LONGIL",61762,4930.1
"07/29/2015 13:35:00","EDT","MHK VL",61756,1348.3
"07/29/2015 13:35:00","EDT","MILLWD",61759,559
"07/29/2015 13:35:00","EDT","N.Y.C.",61761,10186.4
"07/29/2015 13:35:00","EDT","NORTH",61755,553.9
"07/29/2015 13:35:00","EDT","WEST",61752,2602.8
"07/29/2015 13:40:00","EDT","CAPITL",61757,2192.3
"07/29/2015 13:40:00","EDT","CENTRL",61754,2667.5
"07/29/2015 13:40:00","EDT","DUNWOD",61760,1279.6
"07/29/2015 13:40:00","EDT","GENESE",61753,1890.6
"07/29/2015 13:40:00","EDT","HUD VL",61758,2016.3
"07/29/2015 13:40:00","EDT","LONGIL",61762,4944.6
"07/29/2015 13:40:00","EDT","MHK VL",61756,1331.9
"07/29/2015 13:40:00","EDT","MILLWD",61759,564.9
"07/29/2015 13:40:00","EDT","N.Y.C.",61761,10212.8
"07/29/2015 13:40:00","EDT","NORTH",61755,565.6
"07/29/2015 13:40:00","EDT","WEST",61752,2614.2
"07/29/2015 13:45:00","EDT","CAPITL",61757,2201.1
"07/29/2015 13:45:00","EDT","CENTRL",61754,2668.9
"07/29/2015 13:45:00","EDT","DUNWOD",61760,1285.4
"07/29/2015 13:45:00","EDT","GENESE",61753,1890
"07/29/2015 13:45:00","EDT","HUD VL",61758,2001.4
"07/29/2015 13:45:00","EDT","LONGIL",61762,4960.4
"07/29/2015 13:45:00","EDT","MHK VL",61756,1341
"07/29/2015 13:45:00","EDT","MILLWD",61759,561.3
"07/29/2015 13:45:00","EDT","N.Y.C.",61761,10217.1
"07/29/2015 13:45:00","EDT","NORTH",61755,562.7
"07/29/2015 13:45:00","EDT","WEST",61752,2625.8
"07/29/2015 13:50:00","EDT","CAPITL",61757,2192
"07/29/2015 13:50:00","EDT","CENTRL",61754,2655
"07/29/2015 13:50:00","EDT","DUNWOD",61760,1289.4
"07/29/2015 13:50:00","EDT","GENESE",61753,1891.3
"07/29/2015 13:50:00","EDT","HUD VL",61758,2009.6
"07/29/2015 13:50:00","EDT","LONGIL",61762,4969.9
"07/29/2015 13:50:00","EDT","MHK VL",61756,1326.7
"07/29/2015 13:50:00","EDT","MILLWD",61759,577.2
"07/29/2015 13:50:00","EDT","N.Y.C.",61761,10223.4
"07/29/2015 13:50:00","EDT","NORTH",61755,566.7
"07/29/2015 13:50:00","EDT","WEST",61752,2627.7
"07/29/2015 13:55:00","EDT","CAPITL",61757,2192.1
"07/29/2015 13:55:00","EDT","CENTRL",61754,2677
"07/29/2015 13:55:00","EDT","DUNWOD",61760,1286.7
"07/29/2015 13:55:00","EDT","GENESE",61753,1896.7
"07/29/2015 13:55:00","EDT","HUD VL",61758,2043.8
"07/29/2015 13:55:00","EDT","LONGIL",61762,4981.7
"07/29/2015 13:55:00","EDT","MHK VL",61756,1336
"07/29/2015 13:55:00","EDT","MILLWD",61759,561.7
"07/29/2015 13:55:00","EDT","N.Y.C.",61761,10217.3
"07/29/2015 13:55:00","EDT","NORTH",61755,556.7
"07/29/2015 13:55:00","EDT","WEST",61752,2634.1
"07/29/2015 14:00:00","EDT","CAPITL",61757,2196
"07/29/2015 14:00:00","EDT","CENTRL",61754,2666.2
"07/29/2015 14:00:00","EDT","DUNWOD",61760,1291.4
"07/29/2015 14:00:00","EDT","GENESE",61753,1903.4
"07/29/2015 14:00:00","EDT","HUD VL",61758,2042.6
"07/29/2015 14:00:00","EDT","LONGIL",61762,4997.8
"07/29/2015 14:00:00","EDT","MHK VL",61756,1339
"07/29/2015 14:00:00","EDT","MILLWD",61759,573.3
"07/29/2015 14:00:00","EDT","N.Y.C.",61761,10280.6
"07/29/2015 14:00:00","EDT","NORTH",61755,566.7
"07/29/2015 14:00:00","EDT","WEST",61752,2635.2
"07/29/2015 14:05:00","EDT","CAPITL",61757,2208.9
"07/29/2015 14:05:00","EDT","CENTRL",61754,2671
"07/29/2015 14:05:00","EDT","DUNWOD",61760,1304.1
"07/29/2015 14:05:00","EDT","GENESE",61753,1906.5
"07/29/2015 14:05:00","EDT","HUD VL",61758,2037.5
"07/29/2015 14:05:00","EDT","LONGIL",61762,4998.2
"07/29/2015 14:05:00","EDT","MHK VL",61756,1334.8
"07/29/2015 14:05:00","EDT","MILLWD",61759,569.5
"07/29/2015 14:05:00","EDT","N.Y.C.",61761,10254.4
"07/29/2015 14:05:00","EDT","NORTH",61755,562.6
"07/29/2015 14:05:00","EDT","WEST",61752,2638.2
"07/29/2015 14:10:00","EDT","CAPITL",61757,2215.8
"07/29/2015 14:10:00","EDT","CENTRL",61754,2680.5
"07/29/2015 14:10:00","EDT","DUNWOD",61760,1294
"07/29/2015 14:10:00","EDT","GENESE",61753,1902.4
"07/29/2015 14:10:00","EDT","HUD VL",61758,2060.2
"07/29/2015 14:10:00","EDT","LONGIL",61762,5006
"07/29/2015 14:10:00","EDT","MHK VL",61756,1359.9
"07/29/2015 14:10:00","EDT","MILLWD",61759,577.5
"07/29/2015 14:10:00","EDT","N.Y.C.",61761,10284.4
"07/29/2015 14:10:00","EDT","NORTH",61755,541.8
"07/29/2015 14:10:00","EDT","WEST",61752,2627
"07/29/2015 14:15:00","EDT","CAPITL",61757,2212
"07/29/2015 14:15:00","EDT","CENTRL",61754,2680.3
"07/29/2015 14:15:00","EDT","DUNWOD",61760,1307.9
"07/29/2015 14:15:00","EDT","GENESE",61753,1915.2
"07/29/2015 14:15:00","EDT","HUD VL",61758,2053.6
"07/29/2015 14:15:00","EDT","LONGIL",61762,5017.5
"07/29/2015 14:15:00","EDT","MHK VL",61756,1341.4
"07/29/2015 14:15:00","EDT","MILLWD",61759,578.1
"07/29/2015 14:15:00","EDT","N.Y.C.",61761,10273.5
"07/29/2015 14:15:00","EDT","NORTH",61755,563.1
"07/29/2015 14:15:00","EDT","WEST",61752,2644.7
"07/29/2015 14:20:00","EDT","CAPITL",61757,2218.5
"07/29/2015 14:20:00","EDT","CENTRL",61754,2688.8
"07/29/2015 14:20:00","EDT","DUNWOD",61760,1297.9
"07/29/2015 14:20:00","EDT","GENESE",61753,1910.8
"07/29/2015 14:20:00","EDT","HUD VL",61758,2056.2
"07/29/2015 14:20:00","EDT","LONGIL",61762,5001.1
"07/29/2015 14:20:00","EDT","MHK VL",61756,1359.4
"07/29/2015 14:20:00","EDT","MILLWD",61759,586.7
"07/29/2015 14:20:00","EDT","N.Y.C.",61761,10304.3
"07/29/2015 14:20:00","EDT","NORTH",61755,557.4
"07/29/2015 14:20:00","EDT","WEST",61752,2626.9
"07/29/2015 14:25:00","EDT","CAPITL",61757,2220.8
"07/29/2015 14:25:00","EDT","CENTRL",61754,2690.4
"07/29/2015 14:25:00","EDT","DUNWOD",61760,1317.2
"07/29/2015 14:25:00","EDT","GENESE",61753,1911.8
"07/29/2015 14:25:00","EDT","HUD VL",61758,2072.6
"07/29/2015 14:25:00","EDT","LONGIL",61762,5026.1
"07/29/2015 14:25:00","EDT","MHK VL",61756,1346.5
"07/29/2015 14:25:00","EDT","MILLWD",61759,592.2
"07/29/2015 14:25:00","EDT","N.Y.C.",61761,10294.9
"07/29/2015 14:25:00","EDT","NORTH",61755,544.9
"07/29/2015 14:25:00","EDT","WEST",61752,2620.8
"07/29/2015 14:30:00","EDT","CAPITL",61757,2223.9
"07/29/2015 14:30:00","EDT","CENTRL",61754,2674.1
"07/29/2015 14:30:00","EDT","DUNWOD",61760,1310.1
"07/29/2015 14:30:00","EDT","GENESE",61753,1924.3
"07/29/2015 14:30:00","EDT","HUD VL",61758,2054.5
"07/29/2015 14:30:00","EDT","LONGIL",61762,5035.8
"07/29/2015 14:30:00","EDT","MHK VL",61756,1360.3
"07/29/2015 14:30:00","EDT","MILLWD",61759,602.5
"07/29/2015 14:30:00","EDT","N.Y.C.",61761,10271
"07/29/2015 14:30:00","EDT","NORTH",61755,551.7
"07/29/2015 14:30:00","EDT","WEST",61752,2645.6
"07/29/2015 14:35:00","EDT","CAPITL",61757,2223.4
"07/29/2015 14:35:00","EDT","CENTRL",61754,2678.1
"07/29/2015 14:35:00","EDT","DUNWOD",61760,1321.4
"07/29/2015 14:35:00","EDT","GENESE",61753,1913.5
"07/29/2015 14:35:00","EDT","HUD VL",61758,2076.1
"07/29/2015 14:35:00","EDT","LONGIL",61762,5044.9
"07/29/2015 14:35:00","EDT","MHK VL",61756,1356.3
"07/29/2015 14:35:00","EDT","MILLWD",61759,586
"07/29/2015 14:35:00","EDT","N.Y.C.",61761,10291.4
"07/29/2015 14:35:00","EDT","NORTH",61755,555.5
"07/29/2015 14:35:00","EDT","WEST",61752,2623.1
"07/29/2015 14:40:00","EDT","CAPITL",61757,2235.1
"07/29/2015 14:40:00","EDT","CENTRL",61754,2684.1
"07/29/2015 14:40:00","EDT","DUNWOD",61760,1304.2
"07/29/2015 14:40:00","EDT","GENESE",61753,1908.9
"07/29/2015 14:40:00","EDT","HUD VL",61758,2091
"07/29/2015 14:40:00","EDT","LONGIL",61762,5049.3
"07/29/2015 14:40:00","EDT","MHK VL",61756,1351.5
"07/29/2015 14:40:00","EDT","MILLWD",61759,592.4
"07/29/2015 14:40:00","EDT","N.Y.C.",61761,10321.5
"07/29/2015 14:40:00","EDT","NORTH",61755,562.5
"07/29/2015 14:40:00","EDT","WEST",61752,2631.5
"07/29/2015 14:45:00","EDT","CAPITL",61757,2240.2
"07/29/2015 14:45:00","EDT","CENTRL",61754,2685.9
"07/29/2015 14:45:00","EDT","DUNWOD",61760,1316.5
"07/29/2015 14:45:00","EDT","GENESE",61753,1916.4
"07/29/2015 14:45:00","EDT","HUD VL",61758,2083
"07/29/2015 14:45:00","EDT","LONGIL",61762,5049.4
"07/29/2015 14:45:00","EDT","MHK VL",61756,1358.7
"07/29/2015 14:45:00","EDT","MILLWD",61759,592.5
"07/29/2015 14:45:00","EDT","N.Y.C.",61761,10313.3
"07/29/2015 14:45:00","EDT","NORTH",61755,546.3
"07/29/2015 14:45:00","EDT","WEST",61752,2625.7
"07/29/2015 14:50:00","EDT","CAPITL",61757,2236.6
"07/29/2015 14:50:00","EDT","CENTRL",61754,2696.2
"07/29/2015 14:50:00","EDT","DUNWOD",61760,1317.1
"07/29/2015 14:50:00","EDT","GENESE",61753,1913.9
"07/29/2015 14:50:00","EDT","HUD VL",61758,2087.2
"07/29/2015 14:50:00","EDT","LONGIL",61762,5046.1
"07/29/2015 14:50:00","EDT","MHK VL",61756,1358.2
"07/29/2015 14:50:00","EDT","MILLWD",61759,589.8
"07/29/2015 14:50:00","EDT","N.Y.C.",61761,10315.3
"07/29/2015 14:50:00","EDT","NORTH",61755,554.4
"07/29/2015 14:50:00","EDT","WEST",61752,2656.5
"07/29/2015 14:55:00","EDT","CAPITL",61757,2251.5
"07/29/2015 14:55:00","EDT","CENTRL",61754,2707.8
"07/29/2015 14:55:00","EDT","DUNWOD",61760,1312.4
"07/29/2015 14:55:00","EDT","GENESE",61753,1913
"07/29/2015 14:55:00","EDT","HUD VL",61758,2105.6
"07/29/2015 14:55:00","EDT","LONGIL",61762,5082.1
"07/29/2015 14:55:00","EDT","MHK VL",61756,1352.9
"07/29/2015 14:55:00","EDT","MILLWD",61759,594.5
"07/29/2015 14:55:00","EDT","N.Y.C.",61761,10319.7
"07/29/2015 14:55:00","EDT","NORTH",61755,558.9
"07/29/2015 14:55:00","EDT","WEST",61752,2624.4
"07/29/2015 15:00:00","EDT","CAPITL",61757,2228.3
"07/29/2015 15:00:00","EDT","CENTRL",61754,2689.7
"07/29/2015 15:00:00","EDT","DUNWOD",61760,1328.3
"07/29/2015 15:00:00","EDT","GENESE",61753,1914.2
"07/29/2015 15:00:00","EDT","HUD VL",61758,2089.7
"07/29/2015 15:00:00","EDT","LONGIL",61762,5077.1
"07/29/2015 15:00:00","EDT","MHK VL",61756,1364.5
"07/29/2015 15:00:00","EDT","MILLWD",61759,611.3
"07/29/2015 15:00:00","EDT","N.Y.C.",61761,10331.2
"07/29/2015 15:00:00","EDT","NORTH",61755,560.2
"07/29/2015 15:00:00","EDT","WEST",61752,2629.6
"07/29/2015 15:05:00","EDT","CAPITL",61757,2223.7
"07/29/2015 15:05:00","EDT","CENTRL",61754,2708.3
"07/29/2015 15:05:00","EDT","DUNWOD",61760,1328.4
"07/29/2015 15:05:00","EDT","GENESE",61753,1914.7
"07/29/2015 15:05:00","EDT","HUD VL",61758,2123
"07/29/2015 15:05:00","EDT","LONGIL",61762,5069.4
"07/29/2015 15:05:00","EDT","MHK VL",61756,1352.8
"07/29/2015 15:05:00","EDT","MILLWD",61759,583.6
"07/29/2015 15:05:00","EDT","N.Y.C.",61761,10331.7
"07/29/2015 15:05:00","EDT","NORTH",61755,561.8
"07/29/2015 15:05:00","EDT","WEST",61752,2630.8
"07/29/2015 15:10:00","EDT","CAPITL",61757,2237.6
"07/29/2015 15:10:00","EDT","CENTRL",61754,2695.8
"07/29/2015 15:10:00","EDT","DUNWOD",61760,1338.6
"07/29/2015 15:10:00","EDT","GENESE",61753,1920.5
"07/29/2015 15:10:00","EDT","HUD VL",61758,2124.7
"07/29/2015 15:10:00","EDT","LONGIL",61762,5059.6
"07/29/2015 15:10:00","EDT","MHK VL",61756,1347.8
"07/29/2015 15:10:00","EDT","MILLWD",61759,602.8
"07/29/2015 15:10:00","EDT","N.Y.C.",61761,10298.1
"07/29/2015 15:10:00","EDT","NORTH",61755,557.5
"07/29/2015 15:10:00","EDT","WEST",61752,2628.1
"07/29/2015 15:15:00","EDT","CAPITL",61757,2249.3
"07/29/2015 15:15:00","EDT","CENTRL",61754,2700.7
"07/29/2015 15:15:00","EDT","DUNWOD",61760,1327.3
"07/29/2015 15:15:00","EDT","GENESE",61753,1917.5
"07/29/2015 15:15:00","EDT","HUD VL",61758,2106
"07/29/2015 15:15:00","EDT","LONGIL",61762,5086.1
"07/29/2015 15:15:00","EDT","MHK VL",61756,1341.4
"07/29/2015 15:15:00","EDT","MILLWD",61759,597.5
"07/29/2015 15:15:00","EDT","N.Y.C.",61761,10340.4
"07/29/2015 15:15:00","EDT","NORTH",61755,558.2
"07/29/2015 15:15:00","EDT","WEST",61752,2627.6
"07/29/2015 15:20:00","EDT","CAPITL",61757,2266.1
"07/29/2015 15:20:00","EDT","CENTRL",61754,2700.1
"07/29/2015 15:20:00","EDT","DUNWOD",61760,1329
"07/29/2015 15:20:00","EDT","GENESE",61753,1924.8
"07/29/2015 15:20:00","EDT","HUD VL",61758,2106.5
"07/29/2015 15:20:00","EDT","LONGIL",61762,5065.7
"07/29/2015 15:20:00","EDT","MHK VL",61756,1344.4
"07/29/2015 15:20:00","EDT","MILLWD",61759,605.1
"07/29/2015 15:20:00","EDT","N.Y.C.",61761,10324.2
"07/29/2015 15:20:00","EDT","NORTH",61755,562.4
"07/29/2015 15:20:00","EDT","WEST",61752,2630.5
"07/29/2015 15:25:00","EDT","CAPITL",61757,2263.7
"07/29/2015 15:25:00","EDT","CENTRL",61754,2701.4
"07/29/2015 15:25:00","EDT","DUNWOD",61760,1331.4
"07/29/2015 15:25:00","EDT","GENESE",61753,1919
"07/29/2015 15:25:00","EDT","HUD VL",61758,2126.9
"07/29/2015 15:25:00","EDT","LONGIL",61762,5084.8
"07/29/2015 15:25:00","EDT","MHK VL",61756,1345.1
"07/29/2015 15:25:00","EDT","MILLWD",61759,595.4
"07/29/2015 15:25:00","EDT","N.Y.C.",61761,10348.3
"07/29/2015 15:25:00","EDT","NORTH",61755,551.3
"07/29/2015 15:25:00","EDT","WEST",61752,2638
"07/29/2015 15:30:00","EDT","CAPITL",61757,2263.2
"07/29/2015 15:30:00","EDT","CENTRL",61754,2719.1
"07/29/2015 15:30:00","EDT","DUNWOD",61760,1325
"07/29/2015 15:30:00","EDT","GENESE",61753,1924.1
"07/29/2015 15:30:00","EDT","HUD VL",61758,2127.1
"07/29/2015 15:30:00","EDT","LONGIL",61762,5087.7
"07/29/2015 15:30:00","EDT","MHK VL",61756,1353.2
"07/29/2015 15:30:00","EDT","MILLWD",61759,603.3
"07/29/2015 15:30:00","EDT","N.Y.C.",61761,10381.2
"07/29/2015 15:30:00","EDT","NORTH",61755,562.7
"07/29/2015 15:30:00","EDT","WEST",61752,2641.7
"07/29/2015 15:35:00","EDT","CAPITL",61757,2264.3
"07/29/2015 15:35:00","EDT","CENTRL",61754,2701.9
"07/29/2015 15:35:00","EDT","DUNWOD",61760,1336.2
"07/29/2015 15:35:00","EDT","GENESE",61753,1927.7
"07/29/2015 15:35:00","EDT","HUD VL",61758,2136
"07/29/2015 15:35:00","EDT","LONGIL",61762,5076.4
"07/29/2015 15:35:00","EDT","MHK VL",61756,1358.1
"07/29/2015 15:35:00","EDT","MILLWD",61759,595.5
"07/29/2015 15:35:00","EDT","N.Y.C.",61761,10359.6
"07/29/2015 15:35:00","EDT","NORTH",61755,553.1
"07/29/2015 15:35:00","EDT","WEST",61752,2633.5
"07/29/2015 15:40:00","EDT","CAPITL",61757,2274
"07/29/2015 15:40:00","EDT","CENTRL",61754,2707.3
"07/29/2015 15:40:00","EDT","DUNWOD",61760,1354.1
"07/29/2015 15:40:00","EDT","GENESE",61753,1923.9
"07/29/2015 15:40:00","EDT","HUD VL",61758,2147.9
"07/29/2015 15:40:00","EDT","LONGIL",61762,5099.1
"07/29/2015 15:40:00","EDT","MHK VL",61756,1352.5
"07/29/2015 15:40:00","EDT","MILLWD",61759,599.8
"07/29/2015 15:40:00","EDT","N.Y.C.",61761,10355.9
"07/29/2015 15:40:00","EDT","NORTH",61755,564.7
"07/29/2015 15:40:00","EDT","WEST",61752,2647.5
"07/29/2015 15:45:00","EDT","CAPITL",61757,2280.4
"07/29/2015 15:45:00","EDT","CENTRL",61754,2716.5
"07/29/2015 15:45:00","EDT","DUNWOD",61760,1339.7
"07/29/2015 15:45:00","EDT","GENESE",61753,1922.2
"07/29/2015 15:45:00","EDT","HUD VL",61758,2131.6
"07/29/2015 15:45:00","EDT","LONGIL",61762,5084.4
"07/29/2015 15:45:00","EDT","MHK VL",61756,1361.6
"07/29/2015 15:45:00","EDT","MILLWD",61759,606.9
"07/29/2015 15:45:00","EDT","N.Y.C.",61761,10367
"07/29/2015 15:45:00","EDT","NORTH",61755,559
"07/29/2015 15:45:00","EDT","WEST",61752,2623.6
"07/29/2015 15:50:00","EDT","CAPITL",61757,2272.9
"07/29/2015 15:50:00","EDT","CENTRL",61754,2706.9
"07/29/2015 15:50:00","EDT","DUNWOD",61760,1336.7
"07/29/2015 15:50:00","EDT","GENESE",61753,1928.9
"07/29/2015 15:50:00","EDT","HUD VL",61758,2133.3
"07/29/2015 15:50:00","EDT","LONGIL",61762,5091.6
"07/29/2015 15:50:00","EDT","MHK VL",61756,1354.2
"07/29/2015 15:50:00","EDT","MILLWD",61759,606.4
"07/29/2015 15:50:00","EDT","N.Y.C.",61761,10332.1
"07/29/2015 15:50:00","EDT","NORTH",61755,551.7
"07/29/2015 15:50:00","EDT","WEST",61752,2633.5
"07/29/2015 15:55:00","EDT","CAPITL",61757,2286.9
"07/29/2015 15:55:00","EDT","CENTRL",61754,2722.1
"07/29/2015 15:55:00","EDT","DUNWOD",61760,1354.6
"07/29/2015 15:55:00","EDT","GENESE",61753,1915.3
"07/29/2015 15:55:00","EDT","HUD VL",61758,2122.1
"07/29/2015 15:55:00","EDT","LONGIL",61762,5092.7
"07/29/2015 15:55:00","EDT","MHK VL",61756,1353.8
"07/29/2015 15:55:00","EDT","MILLWD",61759,605.4
"07/29/2015 15:55:00","EDT","N.Y.C.",61761,10368.4
"07/29/2015 15:55:00","EDT","NORTH",61755,557.9
"07/29/2015 15:55:00","EDT","WEST",61752,2622.5
"07/29/2015 16:00:00","EDT","CAPITL",61757,2291.5
"07/29/2015 16:00:00","EDT","CENTRL",61754,2708.9
"07/29/2015 16:00:00","EDT","DUNWOD",61760,1336.3
"07/29/2015 16:00:00","EDT","GENESE",61753,1926.7
"07/29/2015 16:00:00","EDT","HUD VL",61758,2145.9
"07/29/2015 16:00:00","EDT","LONGIL",61762,5090.7
"07/29/2015 16:00:00","EDT","MHK VL",61756,1350.3
"07/29/2015 16:00:00","EDT","MILLWD",61759,614.6
"07/29/2015 16:00:00","EDT","N.Y.C.",61761,10398.7
"07/29/2015 16:00:00","EDT","NORTH",61755,563.6
"07/29/2015 16:00:00","EDT","WEST",61752,2644.9
"07/29/2015 16:05:00","EDT","CAPITL",61757,2286.3
"07/29/2015 16:05:00","EDT","CENTRL",61754,2728.1
"07/29/2015 16:05:00","EDT","DUNWOD",61760,1347.1
"07/29/2015 16:05:00","EDT","GENESE",61753,1927.2
"07/29/2015 16:05:00","EDT","HUD VL",61758,2137.8
"07/29/2015 16:05:00","EDT","LONGIL",61762,5116.3
"07/29/2015 16:05:00","EDT","MHK VL",61756,1370.4
"07/29/2015 16:05:00","EDT","MILLWD",61759,611.3
"07/29/2015 16:05:00","EDT","N.Y.C.",61761,10413.2
"07/29/2015 16:05:00","EDT","NORTH",61755,546.1
"07/29/2015 16:05:00","EDT","WEST",61752,2601.8
"07/29/2015 16:10:00","EDT","CAPITL",61757,2277.8
"07/29/2015 16:10:00","EDT","CENTRL",61754,2688.9
"07/29/2015 16:10:00","EDT","DUNWOD",61760,1346.2
"07/29/2015 16:10:00","EDT","GENESE",61753,1928.5
"07/29/2015 16:10:00","EDT","HUD VL",61758,2128.5
"07/29/2015 16:10:00","EDT","LONGIL",61762,5111.8
"07/29/2015 16:10:00","EDT","MHK VL",61756,1368.8
"07/29/2015 16:10:00","EDT","MILLWD",61759,620.3
"07/29/2015 16:10:00","EDT","N.Y.C.",61761,10368
"07/29/2015 16:10:00","EDT","NORTH",61755,554.9
"07/29/2015 16:10:00","EDT","WEST",61752,2642.2
"07/29/2015 16:15:00","EDT","CAPITL",61757,2283
"07/29/2015 16:15:00","EDT","CENTRL",61754,2695.5
"07/29/2015 16:15:00","EDT","DUNWOD",61760,1350.1
"07/29/2015 16:15:00","EDT","GENESE",61753,1934
"07/29/2015 16:15:00","EDT","HUD VL",61758,2155.4
"07/29/2015 16:15:00","EDT","LONGIL",61762,5101.6
"07/29/2015 16:15:00","EDT","MHK VL",61756,1377.8
"07/29/2015 16:15:00","EDT","MILLWD",61759,598.5
"07/29/2015 16:15:00","EDT","N.Y.C.",61761,10411.4
"07/29/2015 16:15:00","EDT","NORTH",61755,558.1
"07/29/2015 16:15:00","EDT","WEST",61752,2612.2
"07/29/2015 16:20:00","EDT","CAPITL",61757,2283.2
"07/29/2015 16:20:00","EDT","CENTRL",61754,2694.2
"07/29/2015 16:20:00","EDT","DUNWOD",61760,1339.3
"07/29/2015 16:20:00","EDT","GENESE",61753,1925.9
"07/29/2015 16:20:00","EDT","HUD VL",61758,2160.4
"07/29/2015 16:20:00","EDT","LONGIL",61762,5147.7
"07/29/2015 16:20:00","EDT","MHK VL",61756,1391.1
"07/29/2015 16:20:00","EDT","MILLWD",61759,605.6
"07/29/2015 16:20:00","EDT","N.Y.C.",61761,10399.2
"07/29/2015 16:20:00","EDT","NORTH",61755,557
"07/29/2015 16:20:00","EDT","WEST",61752,2641.5
"07/29/2015 16:25:00","EDT","CAPITL",61757,2290.6
"07/29/2015 16:25:00","EDT","CENTRL",61754,2696.6
"07/29/2015 16:25:00","EDT","DUNWOD",61760,1353.7
"07/29/2015 16:25:00","EDT","GENESE",61753,1935.1
"07/29/2015 16:25:00","EDT","HUD VL",61758,2155.9
"07/29/2015 16:25:00","EDT","LONGIL",61762,5095.8
"07/29/2015 16:25:00","EDT","MHK VL",61756,1388.3
"07/29/2015 16:25:00","EDT","MILLWD",61759,624.2
"07/29/2015 16:25:00","EDT","N.Y.C.",61761,10416.4
"07/29/2015 16:25:00","EDT","NORTH",61755,553.6
"07/29/2015 16:25:00","EDT","WEST",61752,2637.2
"07/29/2015 16:30:00","EDT","CAPITL",61757,2288.4
"07/29/2015 16:30:00","EDT","CENTRL",61754,2703.4
"07/29/2015 16:30:00","EDT","DUNWOD",61760,1361
"07/29/2015 16:30:00","EDT","GENESE",61753,1930.6
"07/29/2015 16:30:00","EDT","HUD VL",61758,2123.1
"07/29/2015 16:30:00","EDT","LONGIL",61762,5121
"07/29/2015 16:30:00","EDT","MHK VL",61756,1384.9
"07/29/2015 16:30:00","EDT","MILLWD",61759,626.8
"07/29/2015 16:30:00","EDT","N.Y.C.",61761,10412
"07/29/2015 16:30:00","EDT","NORTH",61755,555.9
"07/29/2015 16:30:00","EDT","WEST",61752,2647.7
"07/29/2015 16:35:00","EDT","CAPITL",61757,2288.9
"07/29/2015 16:35:00","EDT","CENTRL",61754,2716.7
"07/29/2015 16:35:00","EDT","DUNWOD",61760,1343.2
"07/29/2015 16:35:00","EDT","GENESE",61753,1924.3
"07/29/2015 16:35:00","EDT","HUD VL",61758,2126.8
"07/29/2015 16:35:00","EDT","LONGIL",61762,5123
"07/29/2015 16:35:00","EDT","MHK VL",61756,1381.1
"07/29/2015 16:35:00","EDT","MILLWD",61759,618.1
"07/29/2015 16:35:00","EDT","N.Y.C.",61761,10415.9
"07/29/2015 16:35:00","EDT","NORTH",61755,545.3
"07/29/2015 16:35:00","EDT","WEST",61752,2649.1
"07/29/2015 16:40:00","EDT","CAPITL",61757,2296.4
"07/29/2015 16:40:00","EDT","CENTRL",61754,2709
"07/29/2015 16:40:00","EDT","DUNWOD",61760,1335.7
"07/29/2015 16:40:00","EDT","GENESE",61753,1923.7
"07/29/2015 16:40:00","EDT","HUD VL",61758,2185.1
"07/29/2015 16:40:00","EDT","LONGIL",61762,5135.1
"07/29/2015 16:40:00","EDT","MHK VL",61756,1369.9
"07/29/2015 16:40:00","EDT","MILLWD",61759,630.7
"07/29/2015 16:40:00","EDT","N.Y.C.",61761,10417.8
"07/29/2015 16:40:00","EDT","NORTH",61755,563.9
"07/29/2015 16:40:00","EDT","WEST",61752,2637.2
"07/29/2015 16:45:00","EDT","CAPITL",61757,2290.5
"07/29/2015 16:45:00","EDT","CENTRL",61754,2707.8
"07/29/2015 16:45:00","EDT","DUNWOD",61760,1341.8
"07/29/2015 16:45:00","EDT","GENESE",61753,1919.8
"07/29/2015 16:45:00","EDT","HUD VL",61758,2134.1
"07/29/2015 16:45:00","EDT","LONGIL",61762,5136.8
"07/29/2015 16:45:00","EDT","MHK VL",61756,1370.1
"07/29/2015 16:45:00","EDT","MILLWD",61759,621.2
"07/29/2015 16:45:00","EDT","N.Y.C.",61761,10410.8
"07/29/2015 16:45:00","EDT","NORTH",61755,568.5
"07/29/2015 16:45:00","EDT","WEST",61752,2641.1
"07/29/2015 16:50:00","EDT","CAPITL",61757,2305.6
"07/29/2015 16:50:00","EDT","CENTRL",61754,2702.8
"07/29/2015 16:50:00","EDT","DUNWOD",61760,1343.5
"07/29/2015 16:50:00","EDT","GENESE",61753,1925.1
"07/29/2015 16:50:00","EDT","HUD VL",61758,2153.7
"07/29/2015 16:50:00","EDT","LONGIL",61762,5127.1
"07/29/2015 16:50:00","EDT","MHK VL",61756,1371.3
"07/29/2015 16:50:00","EDT","MILLWD",61759,628.3
"07/29/2015 16:50:00","EDT","N.Y.C.",61761,10405.6
"07/29/2015 16:50:00","EDT","NORTH",61755,555.2
"07/29/2015 16:50:00","EDT","WEST",61752,2645
"07/29/2015 16:55:00","EDT","CAPITL",61757,2310.5
"07/29/2015 16:55:00","EDT","CENTRL",61754,2708.4
"07/29/2015 16:55:00","EDT","DUNWOD",61760,1342.3
"07/29/2015 16:55:00","EDT","GENESE",61753,1924.2
"07/29/2015 16:55:00","EDT","HUD VL",61758,2146.5
"07/29/2015 16:55:00","EDT","LONGIL",61762,5137.6
"07/29/2015 16:55:00","EDT","MHK VL",61756,1366
"07/29/2015 16:55:00","EDT","MILLWD",61759,618.8
"07/29/2015 16:55:00","EDT","N.Y.C.",61761,10416.6
"07/29/2015 16:55:00","EDT","NORTH",61755,557
"07/29/2015 16:55:00","EDT","WEST",61752,2613.6
"07/29/2015 17:00:00","EDT","CAPITL",61757,2310.9
"07/29/2015 17:00:00","EDT","CENTRL",61754,2697.7
"07/29/2015 17:00:00","EDT","DUNWOD",61760,1338.7
"07/29/2015 17:00:00","EDT","GENESE",61753,1924.9
"07/29/2015 17:00:00","EDT","HUD VL",61758,2165
"07/29/2015 17:00:00","EDT","LONGIL",61762,5138.4
"07/29/2015 17:00:00","EDT","MHK VL",61756,1376.7
"07/29/2015 17:00:00","EDT","MILLWD",61759,617.5
"07/29/2015 17:00:00","EDT","N.Y.C.",61761,10404.5
"07/29/2015 17:00:00","EDT","NORTH",61755,550.6
"07/29/2015 17:00:00","EDT","WEST",61752,2600.2
"07/29/2015 17:04:01","EDT","CAPITL",61757,2307.1
"07/29/2015 17:04:01","EDT","CENTRL",61754,2714.5
"07/29/2015 17:04:01","EDT","DUNWOD",61760,1332.4
"07/29/2015 17:04:01","EDT","GENESE",61753,1917.4
"07/29/2015 17:04:01","EDT","HUD VL",61758,2181.5
"07/29/2015 17:04:01","EDT","LONGIL",61762,5106
"07/29/2015 17:04:01","EDT","MHK VL",61756,1376
"07/29/2015 17:04:01","EDT","MILLWD",61759,608.6
"07/29/2015 17:04:01","EDT","N.Y.C.",61761,10426.3
"07/29/2015 17:04:01","EDT","NORTH",61755,556.9
"07/29/2015 17:04:01","EDT","WEST",61752,2592.8
"07/29/2015 17:05:00","EDT","CAPITL",61757,2291.3
"07/29/2015 17:05:00","EDT","CENTRL",61754,2691.1
"07/29/2015 17:05:00","EDT","DUNWOD",61760,1330.5
"07/29/2015 17:05:00","EDT","GENESE",61753,1909.3
"07/29/2015 17:05:00","EDT","HUD VL",61758,2153.7
"07/29/2015 17:05:00","EDT","LONGIL",61762,5114.2
"07/29/2015 17:05:00","EDT","MHK VL",61756,1373.1
"07/29/2015 17:05:00","EDT","MILLWD",61759,609.7
"07/29/2015 17:05:00","EDT","N.Y.C.",61761,10386.8
"07/29/2015 17:05:00","EDT","NORTH",61755,554.8
"07/29/2015 17:05:00","EDT","WEST",61752,2600.8
"07/29/2015 17:06:13","EDT","CAPITL",61757,2292.3
"07/29/2015 17:06:13","EDT","CENTRL",61754,2690.3
"07/29/2015 17:06:13","EDT","DUNWOD",61760,1342.3
"07/29/2015 17:06:13","EDT","GENESE",61753,1906.9
"07/29/2015 17:06:13","EDT","HUD VL",61758,2177.8
"07/29/2015 17:06:13","EDT","LONGIL",61762,5102.3
"07/29/2015 17:06:13","EDT","MHK VL",61756,1368.5
"07/29/2015 17:06:13","EDT","MILLWD",61759,618.6
"07/29/2015 17:06:13","EDT","N.Y.C.",61761,10376.5
"07/29/2015 17:06:13","EDT","NORTH",61755,552.8
"07/29/2015 17:06:13","EDT","WEST",61752,2595.5
"07/29/2015 17:10:00","EDT","CAPITL",61757,2300.2
"07/29/2015 17:10:00","EDT","CENTRL",61754,2684.6
"07/29/2015 17:10:00","EDT","DUNWOD",61760,1338.9
"07/29/2015 17:10:00","EDT","GENESE",61753,1912
"07/29/2015 17:10:00","EDT","HUD VL",61758,2157.2
"07/29/2015 17:10:00","EDT","LONGIL",61762,5098.7
"07/29/2015 17:10:00","EDT","MHK VL",61756,1361.9
"07/29/2015 17:10:00","EDT","MILLWD",61759,596
"07/29/2015 17:10:00","EDT","N.Y.C.",61761,10389.3
"07/29/2015 17:10:00","EDT","NORTH",61755,553.6
"07/29/2015 17:10:00","EDT","WEST",61752,2596
"07/29/2015 17:15:00","EDT","CAPITL",61757,2294.4
"07/29/2015 17:15:00","EDT","CENTRL",61754,2675.6
"07/29/2015 17:15:00","EDT","DUNWOD",61760,1330.9
"07/29/2015 17:15:00","EDT","GENESE",61753,1911.9
"07/29/2015 17:15:00","EDT","HUD VL",61758,2179.4
"07/29/2015 17:15:00","EDT","LONGIL",61762,5119.2
"07/29/2015 17:15:00","EDT","MHK VL",61756,1373.8
"07/29/2015 17:15:00","EDT","MILLWD",61759,615.3
"07/29/2015 17:15:00","EDT","N.Y.C.",61761,10370
"07/29/2015 17:15:00","EDT","NORTH",61755,553.5
"07/29/2015 17:15:00","EDT","WEST",61752,2576.9
"07/29/2015 17:20:00","EDT","CAPITL",61757,2298.3
"07/29/2015 17:20:00","EDT","CENTRL",61754,2679.6
"07/29/2015 17:20:00","EDT","DUNWOD",61760,1343.3
"07/29/2015 17:20:00","EDT","GENESE",61753,1910.7
"07/29/2015 17:20:00","EDT","HUD VL",61758,2144.9
"07/29/2015 17:20:00","EDT","LONGIL",61762,5126
"07/29/2015 17:20:00","EDT","MHK VL",61756,1372.4
"07/29/2015 17:20:00","EDT","MILLWD",61759,611
"07/29/2015 17:20:00","EDT","N.Y.C.",61761,10376.9
"07/29/2015 17:20:00","EDT","NORTH",61755,552.9
"07/29/2015 17:20:00","EDT","WEST",61752,2578.7
"07/29/2015 17:25:00","EDT","CAPITL",61757,2295.3
"07/29/2015 17:25:00","EDT","CENTRL",61754,2681
"07/29/2015 17:25:00","EDT","DUNWOD",61760,1331.6
"07/29/2015 17:25:00","EDT","GENESE",61753,1906.9
"07/29/2015 17:25:00","EDT","HUD VL",61758,2145.5
"07/29/2015 17:25:00","EDT","LONGIL",61762,5115.4
"07/29/2015 17:25:00","EDT","MHK VL",61756,1375.6
"07/29/2015 17:25:00","EDT","MILLWD",61759,605
"07/29/2015 17:25:00","EDT","N.Y.C.",61761,10381.1
"07/29/2015 17:25:00","EDT","NORTH",61755,560
"07/29/2015 17:25:00","EDT","WEST",61752,2581.5
"07/29/2015 17:30:00","EDT","CAPITL",61757,2302.3
"07/29/2015 17:30:00","EDT","CENTRL",61754,2702.1
"07/29/2015 17:30:00","EDT","DUNWOD",61760,1322.7
"07/29/2015 17:30:00","EDT","GENESE",61753,1911.3
"07/29/2015 17:30:00","EDT","HUD VL",61758,2160
"07/29/2015 17:30:00","EDT","LONGIL",61762,5106.4
"07/29/2015 17:30:00","EDT","MHK VL",61756,1372.1
"07/29/2015 17:30:00","EDT","MILLWD",61759,616.1
"07/29/2015 17:30:00","EDT","N.Y.C.",61761,10381
"07/29/2015 17:30:00","EDT","NORTH",61755,557.2
"07/29/2015 17:30:00","EDT","WEST",61752,2578.2
"07/29/2015 17:35:00","EDT","CAPITL",61757,2305.5
"07/29/2015 17:35:00","EDT","CENTRL",61754,2681.8
"07/29/2015 17:35:00","EDT","DUNWOD",61760,1350.1
"07/29/2015 17:35:00","EDT","GENESE",61753,1911.4
"07/29/2015 17:35:00","EDT","HUD VL",61758,2169.3
"07/29/2015 17:35:00","EDT","LONGIL",61762,5107.3
"07/29/2015 17:35:00","EDT","MHK VL",61756,1371.7
"07/29/2015 17:35:00","EDT","MILLWD",61759,615.3
"07/29/2015 17:35:00","EDT","N.Y.C.",61761,10372
"07/29/2015 17:35:00","EDT","NORTH",61755,553.4
"07/29/2015 17:35:00","EDT","WEST",61752,2592
"07/29/2015 17:40:00","EDT","CAPITL",61757,2302.7
"07/29/2015 17:40:00","EDT","CENTRL",61754,2677.6
"07/29/2015 17:40:00","EDT","DUNWOD",61760,1338.2
"07/29/2015 17:40:00","EDT","GENESE",61753,1911.8
"07/29/2015 17:40:00","EDT","HUD VL",61758,2149.9
"07/29/2015 17:40:00","EDT","LONGIL",61762,5095.8
"07/29/2015 17:40:00","EDT","MHK VL",61756,1377.4
"07/29/2015 17:40:00","EDT","MILLWD",61759,612.4
"07/29/2015 17:40:00","EDT","N.Y.C.",61761,10343.7
"07/29/2015 17:40:00","EDT","NORTH",61755,550.1
"07/29/2015 17:40:00","EDT","WEST",61752,2585.5
"07/29/2015 17:45:00","EDT","CAPITL",61757,2307.3
"07/29/2015 17:45:00","EDT","CENTRL",61754,2657
"07/29/2015 17:45:00","EDT","DUNWOD",61760,1338.9
"07/29/2015 17:45:00","EDT","GENESE",61753,1910.3
"07/29/2015 17:45:00","EDT","HUD VL",61758,2168
"07/29/2015 17:45:00","EDT","LONGIL",61762,5082.8
"07/29/2015 17:45:00","EDT","MHK VL",61756,1382.6
"07/29/2015 17:45:00","EDT","MILLWD",61759,613.6
"07/29/2015 17:45:00","EDT","N.Y.C.",61761,10335.5
"07/29/2015 17:45:00","EDT","NORTH",61755,560.5
"07/29/2015 17:45:00","EDT","WEST",61752,2583.3
"07/29/2015 17:50:00","EDT","CAPITL",61757,2307
"07/29/2015 17:50:00","EDT","CENTRL",61754,2692.9
"07/29/2015 17:50:00","EDT","DUNWOD",61760,1332.7
"07/29/2015 17:50:00","EDT","GENESE",61753,1903.6
"07/29/2015 17:50:00","EDT","HUD VL",61758,2153
"07/29/2015 17:50:00","EDT","LONGIL",61762,5082.1
"07/29/2015 17:50:00","EDT","MHK VL",61756,1370.8
"07/29/2015 17:50:00","EDT","MILLWD",61759,611.2
"07/29/2015 17:50:00","EDT","N.Y.C.",61761,10360.8
"07/29/2015 17:50:00","EDT","NORTH",61755,552.8
"07/29/2015 17:50:00","EDT","WEST",61752,2579.7
"07/29/2015 17:55:00","EDT","CAPITL",61757,2308.4
"07/29/2015 17:55:00","EDT","CENTRL",61754,2668.6
"07/29/2015 17:55:00","EDT","DUNWOD",61760,1331.4
"07/29/2015 17:55:00","EDT","GENESE",61753,1906.4
"07/29/2015 17:55:00","EDT","HUD VL",61758,2162.3
"07/29/2015 17:55:00","EDT","LONGIL",61762,5085.6
"07/29/2015 17:55:00","EDT","MHK VL",61756,1367.8
"07/29/2015 17:55:00","EDT","MILLWD",61759,612.4
"07/29/2015 17:55:00","EDT","N.Y.C.",61761,10357.6
"07/29/2015 17:55:00","EDT","NORTH",61755,556.9
"07/29/2015 17:55:00","EDT","WEST",61752,2602
"07/29/2015 18:00:00","EDT","CAPITL",61757,2314.4
"07/29/2015 18:00:00","EDT","CENTRL",61754,2667
"07/29/2015 18:00:00","EDT","DUNWOD",61760,1320.9
"07/29/2015 18:00:00","EDT","GENESE",61753,1908.1
"07/29/2015 18:00:00","EDT","HUD VL",61758,2155.2
"07/29/2015 18:00:00","EDT","LONGIL",61762,5084.7
"07/29/2015 18:00:00","EDT","MHK VL",61756,1384.3
"07/29/2015 18:00:00","EDT","MILLWD",61759,611.6
"07/29/2015 18:00:00","EDT","N.Y.C.",61761,10316.9
"07/29/2015 18:00:00","EDT","NORTH",61755,546.6
"07/29/2015 18:00:00","EDT","WEST",61752,2571.2
"07/29/2015 18:05:00","EDT","CAPITL",61757,2329.4
"07/29/2015 18:05:00","EDT","CENTRL",61754,2665.6
"07/29/2015 18:05:00","EDT","DUNWOD",61760,1338.8
"07/29/2015 18:05:00","EDT","GENESE",61753,1904.3
"07/29/2015 18:05:00","EDT","HUD VL",61758,2104.3
"07/29/2015 18:05:00","EDT","LONGIL",61762,5048.4
"07/29/2015 18:05:00","EDT","MHK VL",61756,1387
"07/29/2015 18:05:00","EDT","MILLWD",61759,606.6
"07/29/2015 18:05:00","EDT","N.Y.C.",61761,10275.7
"07/29/2015 18:05:00","EDT","NORTH",61755,546
"07/29/2015 18:05:00","EDT","WEST",61752,2584.9
"07/29/2015 18:10:00","EDT","CAPITL",61757,2274.5
"07/29/2015 18:10:00","EDT","CENTRL",61754,2641.6
"07/29/2015 18:10:00","EDT","DUNWOD",61760,1315.2
"07/29/2015 18:10:00","EDT","GENESE",61753,1890.7
"07/29/2015 18:10:00","EDT","HUD VL",61758,2157.9
"07/29/2015 18:10:00","EDT","LONGIL",61762,5036.8
"07/29/2015 18:10:00","EDT","MHK VL",61756,1392.5
"07/29/2015 18:10:00","EDT","MILLWD",61759,613.3
"07/29/2015 18:10:00","EDT","N.Y.C.",61761,10187
"07/29/2015 18:10:00","EDT","NORTH",61755,550.9
"07/29/2015 18:10:00","EDT","WEST",61752,2586.5
"07/29/2015 18:15:00","EDT","CAPITL",61757,2272.4
"07/29/2015 18:15:00","EDT","CENTRL",61754,2670.2
"07/29/2015 18:15:00","EDT","DUNWOD",61760,1296.7
"07/29/2015 18:15:00","EDT","GENESE",61753,1890
"07/29/2015 18:15:00","EDT","HUD VL",61758,2103.3
"07/29/2015 18:15:00","EDT","LONGIL",61762,5021.8
"07/29/2015 18:15:00","EDT","MHK VL",61756,1385.3
"07/29/2015 18:15:00","EDT","MILLWD",61759,606.4
"07/29/2015 18:15:00","EDT","N.Y.C.",61761,10127
"07/29/2015 18:15:00","EDT","NORTH",61755,536.4
"07/29/2015 18:15:00","EDT","WEST",61752,2561.2
"07/29/2015 18:20:00","EDT","CAPITL",61757,2266.2
"07/29/2015 18:20:00","EDT","CENTRL",61754,2664.7
"07/29/2015 18:20:00","EDT","DUNWOD",61760,1307.2
"07/29/2015 18:20:00","EDT","GENESE",61753,1884.3
"07/29/2015 18:20:00","EDT","HUD VL",61758,2130.3
"07/29/2015 18:20:00","EDT","LONGIL",61762,4973.3
"07/29/2015 18:20:00","EDT","MHK VL",61756,1374.2
"07/29/2015 18:20:00","EDT","MILLWD",61759,611.5
"07/29/2015 18:20:00","EDT","N.Y.C.",61761,10136.8
"07/29/2015 18:20:00","EDT","NORTH",61755,555.2
"07/29/2015 18:20:00","EDT","WEST",61752,2573.2
"07/29/2015 18:25:00","EDT","CAPITL",61757,2262.5
"07/29/2015 18:25:00","EDT","CENTRL",61754,2670.5
"07/29/2015 18:25:00","EDT","DUNWOD",61760,1297.7
"07/29/2015 18:25:00","EDT","GENESE",61753,1884.6
"07/29/2015 18:25:00","EDT","HUD VL",61758,2132.6
"07/29/2015 18:25:00","EDT","LONGIL",61762,4973.1
"07/29/2015 18:25:00","EDT","MHK VL",61756,1377.9
"07/29/2015 18:25:00","EDT","MILLWD",61759,595.9
"07/29/2015 18:25:00","EDT","N.Y.C.",61761,10130
"07/29/2015 18:25:00","EDT","NORTH",61755,548.6
"07/29/2015 18:25:00","EDT","WEST",61752,2562.2
"07/29/2015 18:30:00","EDT","CAPITL",61757,2275.6
"07/29/2015 18:30:00","EDT","CENTRL",61754,2657.4
"07/29/2015 18:30:00","EDT","DUNWOD",61760,1288.8
"07/29/2015 18:30:00","EDT","GENESE",61753,1882.7
"07/29/2015 18:30:00","EDT","HUD VL",61758,2113.6
"07/29/2015 18:30:00","EDT","LONGIL",61762,4959.8
"07/29/2015 18:30:00","EDT","MHK VL",61756,1381.5
"07/29/2015 18:30:00","EDT","MILLWD",61759,603.3
"07/29/2015 18:30:00","EDT","N.Y.C.",61761,10124.7
"07/29/2015 18:30:00","EDT","NORTH",61755,550.2
"07/29/2015 18:30:00","EDT","WEST",61752,2565.4
"07/29/2015 18:35:00","EDT","CAPITL",61757,2280
"07/29/2015 18:35:00","EDT","CENTRL",61754,2661.9
"07/29/2015 18:35:00","EDT","DUNWOD",61760,1304.1
"07/29/2015 18:35:00","EDT","GENESE",61753,1879.6
"07/29/2015 18:35:00","EDT","HUD VL",61758,2105.5
"07/29/2015 18:35:00","EDT","LONGIL",61762,4954.3
"07/29/2015 18:35:00","EDT","MHK VL",61756,1383.4
"07/29/2015 18:35:00","EDT","MILLWD",61759,603.2
"07/29/2015 18:35:00","EDT","N.Y.C.",61761,10118.3
"07/29/2015 18:35:00","EDT","NORTH",61755,556.4
"07/29/2015 18:35:00","EDT","WEST",61752,2597.2
"07/29/2015 18:40:00","EDT","CAPITL",61757,2281.7
"07/29/2015 18:40:00","EDT","CENTRL",61754,2668.5
"07/29/2015 18:40:00","EDT","DUNWOD",61760,1283.2
"07/29/2015 18:40:00","EDT","GENESE",61753,1879.2
"07/29/2015 18:40:00","EDT","HUD VL",61758,2116.5
"07/29/2015 18:40:00","EDT","LONGIL",61762,4975.5
"07/29/2015 18:40:00","EDT","MHK VL",61756,1368.9
"07/29/2015 18:40:00","EDT","MILLWD",61759,592.4
"07/29/2015 18:40:00","EDT","N.Y.C.",61761,10083.9
"07/29/2015 18:40:00","EDT","NORTH",61755,551.5
"07/29/2015 18:40:00","EDT","WEST",61752,2550.2
"07/29/2015 18:45:00","EDT","CAPITL",61757,2277.6
"07/29/2015 18:45:00","EDT","CENTRL",61754,2646.6
"07/29/2015 18:45:00","EDT","DUNWOD",61760,1281
"07/29/2015 18:45:00","EDT","GENESE",61753,1866.2
"07/29/2015 18:45:00","EDT","HUD VL",61758,2101.8
"07/29/2015 18:45:00","EDT","LONGIL",61762,4935.7
"07/29/2015 18:45:00","EDT","MHK VL",61756,1371.4
"07/29/2015 18:45:00","EDT","MILLWD",61759,600
"07/29/2015 18:45:00","EDT","N.Y.C.",61761,10100.7
"07/29/2015 18:45:00","EDT","NORTH",61755,555.9
"07/29/2015 18:45:00","EDT","WEST",61752,2574.3
"07/29/2015 18:50:00","EDT","CAPITL",61757,2274.4
"07/29/2015 18:50:00","EDT","CENTRL",61754,2643.4
"07/29/2015 18:50:00","EDT","DUNWOD",61760,1278.2
"07/29/2015 18:50:00","EDT","GENESE",61753,1864.5
"07/29/2015 18:50:00","EDT","HUD VL",61758,2072.8
"07/29/2015 18:50:00","EDT","LONGIL",61762,4893.9
"07/29/2015 18:50:00","EDT","MHK VL",61756,1375.3
"07/29/2015 18:50:00","EDT","MILLWD",61759,619.3
"07/29/2015 18:50:00","EDT","N.Y.C.",61761,10028.1
"07/29/2015 18:50:00","EDT","NORTH",61755,552.5
"07/29/2015 18:50:00","EDT","WEST",61752,2571.5
"07/29/2015 18:55:00","EDT","CAPITL",61757,2270.1
"07/29/2015 18:55:00","EDT","CENTRL",61754,2618
"07/29/2015 18:55:00","EDT","DUNWOD",61760,1271.7
"07/29/2015 18:55:00","EDT","GENESE",61753,1854.3
"07/29/2015 18:55:00","EDT","HUD VL",61758,2091.2
"07/29/2015 18:55:00","EDT","LONGIL",61762,4875.3
"07/29/2015 18:55:00","EDT","MHK VL",61756,1349.9
"07/29/2015 18:55:00","EDT","MILLWD",61759,589.3
"07/29/2015 18:55:00","EDT","N.Y.C.",61761,10025.7
"07/29/2015 18:55:00","EDT","NORTH",61755,560.9
"07/29/2015 18:55:00","EDT","WEST",61752,2559.1
"07/29/2015 19:00:00","EDT","CAPITL",61757,2271
"07/29/2015 19:00:00","EDT","CENTRL",61754,2618.8
"07/29/2015 19:00:00","EDT","DUNWOD",61760,1274.5
"07/29/2015 19:00:00","EDT","GENESE",61753,1858.8
"07/29/2015 19:00:00","EDT","HUD VL",61758,2091.8
"07/29/2015 19:00:00","EDT","LONGIL",61762,4862
"07/29/2015 19:00:00","EDT","MHK VL",61756,1350.1
"07/29/2015 19:00:00","EDT","MILLWD",61759,597
"07/29/2015 19:00:00","EDT","N.Y.C.",61761,10014.8
"07/29/2015 19:00:00","EDT","NORTH",61755,548.9
"07/29/2015 19:00:00","EDT","WEST",61752,2555.5
"07/29/2015 19:05:00","EDT","CAPITL",61757,2269
"07/29/2015 19:05:00","EDT","CENTRL",61754,2634.1
"07/29/2015 19:05:00","EDT","DUNWOD",61760,1283.1
"07/29/2015 19:05:00","EDT","GENESE",61753,1853.6
"07/29/2015 19:05:00","EDT","HUD VL",61758,2084.4
"07/29/2015 19:05:00","EDT","LONGIL",61762,4834.5
"07/29/2015 19:05:00","EDT","MHK VL",61756,1367.2
"07/29/2015 19:05:00","EDT","MILLWD",61759,587.3
"07/29/2015 19:05:00","EDT","N.Y.C.",61761,9965.5
"07/29/2015 19:05:00","EDT","NORTH",61755,543.6
"07/29/2015 19:05:00","EDT","WEST",61752,2531.7
"07/29/2015 19:10:00","EDT","CAPITL",61757,2266.6
"07/29/2015 19:10:00","EDT","CENTRL",61754,2582.7
"07/29/2015 19:10:00","EDT","DUNWOD",61760,1244.8
"07/29/2015 19:10:00","EDT","GENESE",61753,1836.9
"07/29/2015 19:10:00","EDT","HUD VL",61758,2058.9
"07/29/2015 19:10:00","EDT","LONGIL",61762,4803.9
"07/29/2015 19:10:00","EDT","MHK VL",61756,1380.1
"07/29/2015 19:10:00","EDT","MILLWD",61759,601.5
"07/29/2015 19:10:00","EDT","N.Y.C.",61761,9874.9
"07/29/2015 19:10:00","EDT","NORTH",61755,552.5
"07/29/2015 19:10:00","EDT","WEST",61752,2531.6
"07/29/2015 19:15:00","EDT","CAPITL",61757,2254.9
"07/29/2015 19:15:00","EDT","CENTRL",61754,2594.9
"07/29/2015 19:15:00","EDT","DUNWOD",61760,1257.1
"07/29/2015 19:15:00","EDT","GENESE",61753,1831.9
"07/29/2015 19:15:00","EDT","HUD VL",61758,2047.8
"07/29/2015 19:15:00","EDT","LONGIL",61762,4774.8
"07/29/2015 19:15:00","EDT","MHK VL",61756,1371.1
"07/29/2015 19:15:00","EDT","MILLWD",61759,594.5
"07/29/2015 19:15:00","EDT","N.Y.C.",61761,9910.3
"07/29/2015 19:15:00","EDT","NORTH",61755,543.2
"07/29/2015 19:15:00","EDT","WEST",61752,2545.1
"07/29/2015 19:20:00","EDT","CAPITL",61757,2259.2
"07/29/2015 19:20:00","EDT","CENTRL",61754,2592.2
"07/29/2015 19:20:00","EDT","DUNWOD",61760,1246
"07/29/2015 19:20:00","EDT","GENESE",61753,1825.9
"07/29/2015 19:20:00","EDT","HUD VL",61758,2041.3
"07/29/2015 19:20:00","EDT","LONGIL",61762,4753.7
"07/29/2015 19:20:00","EDT","MHK VL",61756,1366.3
"07/29/2015 19:20:00","EDT","MILLWD",61759,588.4
"07/29/2015 19:20:00","EDT","N.Y.C.",61761,9905.2
"07/29/2015 19:20:00","EDT","NORTH",61755,552.4
"07/29/2015 19:20:00","EDT","WEST",61752,2533
"07/29/2015 19:25:00","EDT","CAPITL",61757,2243.6
"07/29/2015 19:25:00","EDT","CENTRL",61754,2581.4
"07/29/2015 19:25:00","EDT","DUNWOD",61760,1265.6
"07/29/2015 19:25:00","EDT","GENESE",61753,1820.5
"07/29/2015 19:25:00","EDT","HUD VL",61758,2031
"07/29/2015 19:25:00","EDT","LONGIL",61762,4754.6
"07/29/2015 19:25:00","EDT","MHK VL",61756,1367.6
"07/29/2015 19:25:00","EDT","MILLWD",61759,587.6
"07/29/2015 19:25:00","EDT","N.Y.C.",61761,9849.3
"07/29/2015 19:25:00","EDT","NORTH",61755,547.6
"07/29/2015 19:25:00","EDT","WEST",61752,2523.4
"07/29/2015 19:30:00","EDT","CAPITL",61757,2243
"07/29/2015 19:30:00","EDT","CENTRL",61754,2605
"07/29/2015 19:30:00","EDT","DUNWOD",61760,1259.4
"07/29/2015 19:30:00","EDT","GENESE",61753,1797.5
"07/29/2015 19:30:00","EDT","HUD VL",61758,2042.8
"07/29/2015 19:30:00","EDT","LONGIL",61762,4731.2
"07/29/2015 19:30:00","EDT","MHK VL",61756,1355.2
"07/29/2015 19:30:00","EDT","MILLWD",61759,567.2
"07/29/2015 19:30:00","EDT","N.Y.C.",61761,9824.3
"07/29/2015 19:30:00","EDT","NORTH",61755,538.7
"07/29/2015 19:30:00","EDT","WEST",61752,2523.8
"07/29/2015 19:35:00","EDT","CAPITL",61757,2233.3
"07/29/2015 19:35:00","EDT","CENTRL",61754,2562.6
"07/29/2015 19:35:00","EDT","DUNWOD",61760,1247
"07/29/2015 19:35:00","EDT","GENESE",61753,1796.7
"07/29/2015 19:35:00","EDT","HUD VL",61758,2010.9
"07/29/2015 19:35:00","EDT","LONGIL",61762,4704
"07/29/2015 19:35:00","EDT","MHK VL",61756,1351.1
"07/29/2015 19:35:00","EDT","MILLWD",61759,587.7
"07/29/2015 19:35:00","EDT","N.Y.C.",61761,9802.5
"07/29/2015 19:35:00","EDT","NORTH",61755,549.7
"07/29/2015 19:35:00","EDT","WEST",61752,2508.2
"07/29/2015 19:40:00","EDT","CAPITL",61757,2245.7
"07/29/2015 19:40:00","EDT","CENTRL",61754,2572.5
"07/29/2015 19:40:00","EDT","DUNWOD",61760,1255.5
"07/29/2015 19:40:00","EDT","GENESE",61753,1787.1
"07/29/2015 19:40:00","EDT","HUD VL",61758,2012.2
"07/29/2015 19:40:00","EDT","LONGIL",61762,4685.9
"07/29/2015 19:40:00","EDT","MHK VL",61756,1351.9
"07/29/2015 19:40:00","EDT","MILLWD",61759,569.5
"07/29/2015 19:40:00","EDT","N.Y.C.",61761,9821
"07/29/2015 19:40:00","EDT","NORTH",61755,544.6
"07/29/2015 19:40:00","EDT","WEST",61752,2509.2
"07/29/2015 19:45:00","EDT","CAPITL",61757,2232.4
"07/29/2015 19:45:00","EDT","CENTRL",61754,2574.1
"07/29/2015 19:45:00","EDT","DUNWOD",61760,1234
"07/29/2015 19:45:00","EDT","GENESE",61753,1778.9
"07/29/2015 19:45:00","EDT","HUD VL",61758,2008.7
"07/29/2015 19:45:00","EDT","LONGIL",61762,4673
"07/29/2015 19:45:00","EDT","MHK VL",61756,1346.8
"07/29/2015 19:45:00","EDT","MILLWD",61759,576.3
"07/29/2015 19:45:00","EDT","N.Y.C.",61761,9828.2
"07/29/2015 19:45:00","EDT","NORTH",61755,540.5
"07/29/2015 19:45:00","EDT","WEST",61752,2510.3
"07/29/2015 19:50:00","EDT","CAPITL",61757,2220.7
"07/29/2015 19:50:00","EDT","CENTRL",61754,2554.1
"07/29/2015 19:50:00","EDT","DUNWOD",61760,1234.4
"07/29/2015 19:50:00","EDT","GENESE",61753,1767.4
"07/29/2015 19:50:00","EDT","HUD VL",61758,1982.4
"07/29/2015 19:50:00","EDT","LONGIL",61762,4671.5
"07/29/2015 19:50:00","EDT","MHK VL",61756,1343.2
"07/29/2015 19:50:00","EDT","MILLWD",61759,583.4
"07/29/2015 19:50:00","EDT","N.Y.C.",61761,9829.2
"07/29/2015 19:50:00","EDT","NORTH",61755,543.1
"07/29/2015 19:50:00","EDT","WEST",61752,2505.9
"07/29/2015 19:55:00","EDT","CAPITL",61757,2217.5
"07/29/2015 19:55:00","EDT","CENTRL",61754,2554
"07/29/2015 19:55:00","EDT","DUNWOD",61760,1244.8
"07/29/2015 19:55:00","EDT","GENESE",61753,1765.4
"07/29/2015 19:55:00","EDT","HUD VL",61758,2003.9
"07/29/2015 19:55:00","EDT","LONGIL",61762,4652.4
"07/29/2015 19:55:00","EDT","MHK VL",61756,1338.4
"07/29/2015 19:55:00","EDT","MILLWD",61759,561.2
"07/29/2015 19:55:00","EDT","N.Y.C.",61761,9804.6
"07/29/2015 19:55:00","EDT","NORTH",61755,540
"07/29/2015 19:55:00","EDT","WEST",61752,2461.7
"07/29/2015 20:00:00","EDT","CAPITL",61757,2212.5
"07/29/2015 20:00:00","EDT","CENTRL",61754,2543.5
"07/29/2015 20:00:00","EDT","DUNWOD",61760,1236.7
"07/29/2015 20:00:00","EDT","GENESE",61753,1753.3
"07/29/2015 20:00:00","EDT","HUD VL",61758,1968.5
"07/29/2015 20:00:00","EDT","LONGIL",61762,4626.7
"07/29/2015 20:00:00","EDT","MHK VL",61756,1320.5
"07/29/2015 20:00:00","EDT","MILLWD",61759,572.9
"07/29/2015 20:00:00","EDT","N.Y.C.",61761,9826.4
"07/29/2015 20:00:00","EDT","NORTH",61755,545.4
"07/29/2015 20:00:00","EDT","WEST",61752,2483.7
"07/29/2015 20:05:00","EDT","CAPITL",61757,2194.1
"07/29/2015 20:05:00","EDT","CENTRL",61754,2509.8
"07/29/2015 20:05:00","EDT","DUNWOD",61760,1232.5
"07/29/2015 20:05:00","EDT","GENESE",61753,1746.2
"07/29/2015 20:05:00","EDT","HUD VL",61758,1963.9
"07/29/2015 20:05:00","EDT","LONGIL",61762,4610.4
"07/29/2015 20:05:00","EDT","MHK VL",61756,1318.9
"07/29/2015 20:05:00","EDT","MILLWD",61759,569.4
"07/29/2015 20:05:00","EDT","N.Y.C.",61761,9769.5
"07/29/2015 20:05:00","EDT","NORTH",61755,537.9
"07/29/2015 20:05:00","EDT","WEST",61752,2442.7
"07/29/2015 20:10:00","EDT","CAPITL",61757,2192.1
"07/29/2015 20:10:00","EDT","CENTRL",61754,2504.8
"07/29/2015 20:10:00","EDT","DUNWOD",61760,1233.7
"07/29/2015 20:10:00","EDT","GENESE",61753,1737.6
"07/29/2015 20:10:00","EDT","HUD VL",61758,1940.7
"07/29/2015 20:10:00","EDT","LONGIL",61762,4595.7
"07/29/2015 20:10:00","EDT","MHK VL",61756,1322.1
"07/29/2015 20:10:00","EDT","MILLWD",61759,566.5
"07/29/2015 20:10:00","EDT","N.Y.C.",61761,9756
"07/29/2015 20:10:00","EDT","NORTH",61755,539.5
"07/29/2015 20:10:00","EDT","WEST",61752,2459.8
"07/29/2015 20:15:00","EDT","CAPITL",61757,2188.6
"07/29/2015 20:15:00","EDT","CENTRL",61754,2493.3
"07/29/2015 20:15:00","EDT","DUNWOD",61760,1215.9
"07/29/2015 20:15:00","EDT","GENESE",61753,1727.3
"07/29/2015 20:15:00","EDT","HUD VL",61758,1944.5
"07/29/2015 20:15:00","EDT","LONGIL",61762,4600.1
"07/29/2015 20:15:00","EDT","MHK VL",61756,1317
"07/29/2015 20:15:00","EDT","MILLWD",61759,558.2
"07/29/2015 20:15:00","EDT","N.Y.C.",61761,9739.1
"07/29/2015 20:15:00","EDT","NORTH",61755,542.2
"07/29/2015 20:15:00","EDT","WEST",61752,2432.8
"07/29/2015 20:20:00","EDT","CAPITL",61757,2183.4
"07/29/2015 20:20:00","EDT","CENTRL",61754,2484.6
"07/29/2015 20:20:00","EDT","DUNWOD",61760,1225.3
"07/29/2015 20:20:00","EDT","GENESE",61753,1723.3
"07/29/2015 20:20:00","EDT","HUD VL",61758,1940.6
"07/29/2015 20:20:00","EDT","LONGIL",61762,4578.5
"07/29/2015 20:20:00","EDT","MHK VL",61756,1323.9
"07/29/2015 20:20:00","EDT","MILLWD",61759,561.5
"07/29/2015 20:20:00","EDT","N.Y.C.",61761,9707.9
"07/29/2015 20:20:00","EDT","NORTH",61755,543.2
"07/29/2015 20:20:00","EDT","WEST",61752,2448.3
"07/29/2015 20:25:00","EDT","CAPITL",61757,2184.3
"07/29/2015 20:25:00","EDT","CENTRL",61754,2488.7
"07/29/2015 20:25:00","EDT","DUNWOD",61760,1245.1
"07/29/2015 20:25:00","EDT","GENESE",61753,1727
"07/29/2015 20:25:00","EDT","HUD VL",61758,1939.8
"07/29/2015 20:25:00","EDT","LONGIL",61762,4591.9
"07/29/2015 20:25:00","EDT","MHK VL",61756,1322.4
"07/29/2015 20:25:00","EDT","MILLWD",61759,563.5
"07/29/2015 20:25:00","EDT","N.Y.C.",61761,9734.8
"07/29/2015 20:25:00","EDT","NORTH",61755,541.4
"07/29/2015 20:25:00","EDT","WEST",61752,2453.4
"07/29/2015 20:30:00","EDT","CAPITL",61757,2183
"07/29/2015 20:30:00","EDT","CENTRL",61754,2503.7
"07/29/2015 20:30:00","EDT","DUNWOD",61760,1235.3
"07/29/2015 20:30:00","EDT","GENESE",61753,1724.4
"07/29/2015 20:30:00","EDT","HUD VL",61758,1952.5
"07/29/2015 20:30:00","EDT","LONGIL",61762,4600.1
"07/29/2015 20:30:00","EDT","MHK VL",61756,1332.7
"07/29/2015 20:30:00","EDT","MILLWD",61759,570.8
"07/29/2015 20:30:00","EDT","N.Y.C.",61761,9780.4
"07/29/2015 20:30:00","EDT","NORTH",61755,532.5
"07/29/2015 20:30:00","EDT","WEST",61752,2450.1
"07/29/2015 20:35:00","EDT","CAPITL",61757,2184.8
"07/29/2015 20:35:00","EDT","CENTRL",61754,2492.7
"07/29/2015 20:35:00","EDT","DUNWOD",61760,1237.4
"07/29/2015 20:35:00","EDT","GENESE",61753,1727
"07/29/2015 20:35:00","EDT","HUD VL",61758,1963.9
"07/29/2015 20:35:00","EDT","LONGIL",61762,4591
"07/29/2015 20:35:00","EDT","MHK VL",61756,1333.6
"07/29/2015 20:35:00","EDT","MILLWD",61759,558.7
"07/29/2015 20:35:00","EDT","N.Y.C.",61761,9781.5
"07/29/2015 20:35:00","EDT","NORTH",61755,539.7
"07/29/2015 20:35:00","EDT","WEST",61752,2463.4
"07/29/2015 20:40:00","EDT","CAPITL",61757,2184.3
"07/29/2015 20:40:00","EDT","CENTRL",61754,2499
"07/29/2015 20:40:00","EDT","DUNWOD",61760,1232.3
"07/29/2015 20:40:00","EDT","GENESE",61753,1723.1
"07/29/2015 20:40:00","EDT","HUD VL",61758,1945.4
"07/29/2015 20:40:00","EDT","LONGIL",61762,4594.2
"07/29/2015 20:40:00","EDT","MHK VL",61756,1328.8
"07/29/2015 20:40:00","EDT","MILLWD",61759,571.3
"07/29/2015 20:40:00","EDT","N.Y.C.",61761,9770.7
"07/29/2015 20:40:00","EDT","NORTH",61755,539.4
"07/29/2015 20:40:00","EDT","WEST",61752,2454.6
"07/29/2015 20:45:00","EDT","CAPITL",61757,2195.2
"07/29/2015 20:45:00","EDT","CENTRL",61754,2486.5
"07/29/2015 20:45:00","EDT","DUNWOD",61760,1248.4
"07/29/2015 20:45:00","EDT","GENESE",61753,1726.1
"07/29/2015 20:45:00","EDT","HUD VL",61758,1942
"07/29/2015 20:45:00","EDT","LONGIL",61762,4599.3
"07/29/2015 20:45:00","EDT","MHK VL",61756,1341.4
"07/29/2015 20:45:00","EDT","MILLWD",61759,565.5
"07/29/2015 20:45:00","EDT","N.Y.C.",61761,9793.5
"07/29/2015 20:45:00","EDT","NORTH",61755,551
"07/29/2015 20:45:00","EDT","WEST",61752,2457
"07/29/2015 20:50:00","EDT","CAPITL",61757,2183.7
"07/29/2015 20:50:00","EDT","CENTRL",61754,2488.4
"07/29/2015 20:50:00","EDT","DUNWOD",61760,1239.4
"07/29/2015 20:50:00","EDT","GENESE",61753,1725.1
"07/29/2015 20:50:00","EDT","HUD VL",61758,1952.5
"07/29/2015 20:50:00","EDT","LONGIL",61762,4587.6
"07/29/2015 20:50:00","EDT","MHK VL",61756,1340.9
"07/29/2015 20:50:00","EDT","MILLWD",61759,564.7
"07/29/2015 20:50:00","EDT","N.Y.C.",61761,9849.8
"07/29/2015 20:50:00","EDT","NORTH",61755,551.4
"07/29/2015 20:50:00","EDT","WEST",61752,2462.5
"07/29/2015 20:55:00","EDT","CAPITL",61757,2189
"07/29/2015 20:55:00","EDT","CENTRL",61754,2487.3
"07/29/2015 20:55:00","EDT","DUNWOD",61760,1242.1
"07/29/2015 20:55:00","EDT","GENESE",61753,1726.4
"07/29/2015 20:55:00","EDT","HUD VL",61758,1918.1
"07/29/2015 20:55:00","EDT","LONGIL",61762,4602.3
"07/29/2015 20:55:00","EDT","MHK VL",61756,1339.8
"07/29/2015 20:55:00","EDT","MILLWD",61759,571.3
"07/29/2015 20:55:00","EDT","N.Y.C.",61761,9798.4
"07/29/2015 20:55:00","EDT","NORTH",61755,542.1
"07/29/2015 20:55:00","EDT","WEST",61752,2454.4
"07/29/2015 21:00:00","EDT","CAPITL",61757,2183.7
"07/29/2015 21:00:00","EDT","CENTRL",61754,2504
"07/29/2015 21:00:00","EDT","DUNWOD",61760,1232.7
"07/29/2015 21:00:00","EDT","GENESE",61753,1731.4
"07/29/2015 21:00:00","EDT","HUD VL",61758,1930.6
"07/29/2015 21:00:00","EDT","LONGIL",61762,4565.4
"07/29/2015 21:00:00","EDT","MHK VL",61756,1338.2
"07/29/2015 21:00:00","EDT","MILLWD",61759,566.9
"07/29/2015 21:00:00","EDT","N.Y.C.",61761,9843.7
"07/29/2015 21:00:00","EDT","NORTH",61755,541
"07/29/2015 21:00:00","EDT","WEST",61752,2470.8
"07/29/2015 21:05:00","EDT","CAPITL",61757,2168.4
"07/29/2015 21:05:00","EDT","CENTRL",61754,2502
"07/29/2015 21:05:00","EDT","DUNWOD",61760,1235.4
"07/29/2015 21:05:00","EDT","GENESE",61753,1731.2
"07/29/2015 21:05:00","EDT","HUD VL",61758,1920.5
"07/29/2015 21:05:00","EDT","LONGIL",61762,4551.3
"07/29/2015 21:05:00","EDT","MHK VL",61756,1343.6
"07/29/2015 21:05:00","EDT","MILLWD",61759,559.5
"07/29/2015 21:05:00","EDT","N.Y.C.",61761,9822.7
"07/29/2015 21:05:00","EDT","NORTH",61755,538.2
"07/29/2015 21:05:00","EDT","WEST",61752,2481.3
"07/29/2015 21:10:00","EDT","CAPITL",61757,2164.4
"07/29/2015 21:10:00","EDT","CENTRL",61754,2471.3
"07/29/2015 21:10:00","EDT","DUNWOD",61760,1222.3
"07/29/2015 21:10:00","EDT","GENESE",61753,1730.6
"07/29/2015 21:10:00","EDT","HUD VL",61758,1895.7
"07/29/2015 21:10:00","EDT","LONGIL",61762,4533.2
"07/29/2015 21:10:00","EDT","MHK VL",61756,1326.7
"07/29/2015 21:10:00","EDT","MILLWD",61759,561.6
"07/29/2015 21:10:00","EDT","N.Y.C.",61761,9783.9
"07/29/2015 21:10:00","EDT","NORTH",61755,549.7
"07/29/2015 21:10:00","EDT","WEST",61752,2462.5
"07/29/2015 21:15:00","EDT","CAPITL",61757,2152.3
"07/29/2015 21:15:00","EDT","CENTRL",61754,2467.1
"07/29/2015 21:15:00","EDT","DUNWOD",61760,1214.9
"07/29/2015 21:15:00","EDT","GENESE",61753,1722.4
"07/29/2015 21:15:00","EDT","HUD VL",61758,1884.8
"07/29/2015 21:15:00","EDT","LONGIL",61762,4511.6
"07/29/2015 21:15:00","EDT","MHK VL",61756,1319.6
"07/29/2015 21:15:00","EDT","MILLWD",61759,558.8
"07/29/2015 21:15:00","EDT","N.Y.C.",61761,9785.1
"07/29/2015 21:15:00","EDT","NORTH",61755,544.2
"07/29/2015 21:15:00","EDT","WEST",61752,2465.2
"07/29/2015 21:20:00","EDT","CAPITL",61757,2139.7
"07/29/2015 21:20:00","EDT","CENTRL",61754,2468.1
"07/29/2015 21:20:00","EDT","DUNWOD",61760,1215.3
"07/29/2015 21:20:00","EDT","GENESE",61753,1713.4
"07/29/2015 21:20:00","EDT","HUD VL",61758,1859.6
"07/29/2015 21:20:00","EDT","LONGIL",61762,4499.7
"07/29/2015 21:20:00","EDT","MHK VL",61756,1304.5
"07/29/2015 21:20:00","EDT","MILLWD",61759,564.8
"07/29/2015 21:20:00","EDT","N.Y.C.",61761,9788
"07/29/2015 21:20:00","EDT","NORTH",61755,537.7
"07/29/2015 21:20:00","EDT","WEST",61752,2465.6
"07/29/2015 21:25:00","EDT","CAPITL",61757,2136
"07/29/2015 21:25:00","EDT","CENTRL",61754,2458.2
"07/29/2015 21:25:00","EDT","DUNWOD",61760,1228.1
"07/29/2015 21:25:00","EDT","GENESE",61753,1711.5
"07/29/2015 21:25:00","EDT","HUD VL",61758,1886.6
"07/29/2015 21:25:00","EDT","LONGIL",61762,4486.3
"07/29/2015 21:25:00","EDT","MHK VL",61756,1310.1
"07/29/2015 21:25:00","EDT","MILLWD",61759,542.4
"07/29/2015 21:25:00","EDT","N.Y.C.",61761,9771
"07/29/2015 21:25:00","EDT","NORTH",61755,540.5
"07/29/2015 21:25:00","EDT","WEST",61752,2473.2
"07/29/2015 21:30:00","EDT","CAPITL",61757,2114.6
"07/29/2015 21:30:00","EDT","CENTRL",61754,2435.2
"07/29/2015 21:30:00","EDT","DUNWOD",61760,1205
"07/29/2015 21:30:00","EDT","GENESE",61753,1702
"07/29/2015 21:30:00","EDT","HUD VL",61758,1860.7
"07/29/2015 21:30:00","EDT","LONGIL",61762,4489.6
"07/29/2015 21:30:00","EDT","MHK VL",61756,1293.5
"07/29/2015 21:30:00","EDT","MILLWD",61759,541.2
"07/29/2015 21:30:00","EDT","N.Y.C.",61761,9746.4
"07/29/2015 21:30:00","EDT","NORTH",61755,542.3
"07/29/2015 21:30:00","EDT","WEST",61752,2475.5
"07/29/2015 21:35:00","EDT","CAPITL",61757,2104.4
"07/29/2015 21:35:00","EDT","CENTRL",61754,2433.1
"07/29/2015 21:35:00","EDT","DUNWOD",61760,1216.6
"07/29/2015 21:35:00","EDT","GENESE",61753,1692.5
"07/29/2015 21:35:00","EDT","HUD VL",61758,1824.8
"07/29/2015 21:35:00","EDT","LONGIL",61762,4454.3
"07/29/2015 21:35:00","EDT","MHK VL",61756,1291.6
"07/29/2015 21:35:00","EDT","MILLWD",61759,550.6
"07/29/2015 21:35:00","EDT","N.Y.C.",61761,9741.7
"07/29/2015 21:35:00","EDT","NORTH",61755,539.9
"07/29/2015 21:35:00","EDT","WEST",61752,2445.3
"07/29/2015 21:40:00","EDT","CAPITL",61757,2091.8
"07/29/2015 21:40:00","EDT","CENTRL",61754,2424.9
"07/29/2015 21:40:00","EDT","DUNWOD",61760,1202.6
"07/29/2015 21:40:00","EDT","GENESE",61753,1677
"07/29/2015 21:40:00","EDT","HUD VL",61758,1849.1
"07/29/2015 21:40:00","EDT","LONGIL",61762,4445.2
"07/29/2015 21:40:00","EDT","MHK VL",61756,1283
"07/29/2015 21:40:00","EDT","MILLWD",61759,534.2
"07/29/2015 21:40:00","EDT","N.Y.C.",61761,9733.3
"07/29/2015 21:40:00","EDT","NORTH",61755,538.9
"07/29/2015 21:40:00","EDT","WEST",61752,2454.4
"07/29/2015 21:45:00","EDT","CAPITL",61757,2071.5
"07/29/2015 21:45:00","EDT","CENTRL",61754,2396.9
"07/29/2015 21:45:00","EDT","DUNWOD",61760,1193.9
"07/29/2015 21:45:00","EDT","GENESE",61753,1660.8
"07/29/2015 21:45:00","EDT","HUD VL",61758,1815.5
"07/29/2015 21:45:00","EDT","LONGIL",61762,4401
"07/29/2015 21:45:00","EDT","MHK VL",61756,1259.3
"07/29/2015 21:45:00","EDT","MILLWD",61759,543.3
"07/29/2015 21:45:00","EDT","N.Y.C.",61761,9669.9
"07/29/2015 21:45:00","EDT","NORTH",61755,538.9
"07/29/2015 21:45:00","EDT","WEST",61752,2448
"07/29/2015 21:50:00","EDT","CAPITL",61757,2069.8
"07/29/2015 21:50:00","EDT","CENTRL",61754,2410.2
"07/29/2015 21:50:00","EDT","DUNWOD",61760,1189.8
"07/29/2015 21:50:00","EDT","GENESE",61753,1655.2
"07/29/2015 21:50:00","EDT","HUD VL",61758,1841.5
"07/29/2015 21:50:00","EDT","LONGIL",61762,4378
"07/29/2015 21:50:00","EDT","MHK VL",61756,1254.7
"07/29/2015 21:50:00","EDT","MILLWD",61759,517.9
"07/29/2015 21:50:00","EDT","N.Y.C.",61761,9691.6
"07/29/2015 21:50:00","EDT","NORTH",61755,524.7
"07/29/2015 21:50:00","EDT","WEST",61752,2418.7
"07/29/2015 21:55:00","EDT","CAPITL",61757,2040.3
"07/29/2015 21:55:00","EDT","CENTRL",61754,2370.7
"07/29/2015 21:55:00","EDT","DUNWOD",61760,1195.1
"07/29/2015 21:55:00","EDT","GENESE",61753,1642
"07/29/2015 21:55:00","EDT","HUD VL",61758,1804.9
"07/29/2015 21:55:00","EDT","LONGIL",61762,4379.1
"07/29/2015 21:55:00","EDT","MHK VL",61756,1254.3
"07/29/2015 21:55:00","EDT","MILLWD",61759,512.9
"07/29/2015 21:55:00","EDT","N.Y.C.",61761,9686.2
"07/29/2015 21:55:00","EDT","NORTH",61755,540.6
"07/29/2015 21:55:00","EDT","WEST",61752,2409.3
"07/29/2015 22:00:00","EDT","CAPITL",61757,2034
"07/29/2015 22:00:00","EDT","CENTRL",61754,2358.6
"07/29/2015 22:00:00","EDT","DUNWOD",61760,1175.3
"07/29/2015 22:00:00","EDT","GENESE",61753,1638.2
"07/29/2015 22:00:00","EDT","HUD VL",61758,1787.8
"07/29/2015 22:00:00","EDT","LONGIL",61762,4341.3
"07/29/2015 22:00:00","EDT","MHK VL",61756,1243.7
"07/29/2015 22:00:00","EDT","MILLWD",61759,513.1
"07/29/2015 22:00:00","EDT","N.Y.C.",61761,9650.8
"07/29/2015 22:00:00","EDT","NORTH",61755,527.6
"07/29/2015 22:00:00","EDT","WEST",61752,2411.7
"07/29/2015 22:05:00","EDT","CAPITL",61757,2015.7
"07/29/2015 22:05:00","EDT","CENTRL",61754,2319.5
"07/29/2015 22:05:00","EDT","DUNWOD",61760,1180.4
"07/29/2015 22:05:00","EDT","GENESE",61753,1629
"07/29/2015 22:05:00","EDT","HUD VL",61758,1758.8
"07/29/2015 22:05:00","EDT","LONGIL",61762,4297.3
"07/29/2015 22:05:00","EDT","MHK VL",61756,1241.7
"07/29/2015 22:05:00","EDT","MILLWD",61759,517.3
"07/29/2015 22:05:00","EDT","N.Y.C.",61761,9552.2
"07/29/2015 22:05:00","EDT","NORTH",61755,529.8
"07/29/2015 22:05:00","EDT","WEST",61752,2401.6
"07/29/2015 22:10:00","EDT","CAPITL",61757,1990.7
"07/29/2015 22:10:00","EDT","CENTRL",61754,2286.9
"07/29/2015 22:10:00","EDT","DUNWOD",61760,1169.6
"07/29/2015 22:10:00","EDT","GENESE",61753,1602.7
"07/29/2015 22:10:00","EDT","HUD VL",61758,1727
"07/29/2015 22:10:00","EDT","LONGIL",61762,4240.7
"07/29/2015 22:10:00","EDT","MHK VL",61756,1221.1
"07/29/2015 22:10:00","EDT","MILLWD",61759,505.8
"07/29/2015 22:10:00","EDT","N.Y.C.",61761,9536.2
"07/29/2015 22:10:00","EDT","NORTH",61755,534.4
"07/29/2015 22:10:00","EDT","WEST",61752,2385.8
"07/29/2015 22:15:00","EDT","CAPITL",61757,1980.8
"07/29/2015 22:15:00","EDT","CENTRL",61754,2289.1
"07/29/2015 22:15:00","EDT","DUNWOD",61760,1154.6
"07/29/2015 22:15:00","EDT","GENESE",61753,1589.4
"07/29/2015 22:15:00","EDT","HUD VL",61758,1747.5
"07/29/2015 22:15:00","EDT","LONGIL",61762,4209.7
"07/29/2015 22:15:00","EDT","MHK VL",61756,1216.4
"07/29/2015 22:15:00","EDT","MILLWD",61759,493.8
"07/29/2015 22:15:00","EDT","N.Y.C.",61761,9491
"07/29/2015 22:15:00","EDT","NORTH",61755,531.2
"07/29/2015 22:15:00","EDT","WEST",61752,2356.8
"07/29/2015 22:20:00","EDT","CAPITL",61757,1962.1
"07/29/2015 22:20:00","EDT","CENTRL",61754,2263.6
"07/29/2015 22:20:00","EDT","DUNWOD",61760,1146.4
"07/29/2015 22:20:00","EDT","GENESE",61753,1578.3
"07/29/2015 22:20:00","EDT","HUD VL",61758,1698.5
"07/29/2015 22:20:00","EDT","LONGIL",61762,4187.3
"07/29/2015 22:20:00","EDT","MHK VL",61756,1206.4
"07/29/2015 22:20:00","EDT","MILLWD",61759,524.6
"07/29/2015 22:20:00","EDT","N.Y.C.",61761,9460.5
"07/29/2015 22:20:00","EDT","NORTH",61755,523.4
"07/29/2015 22:20:00","EDT","WEST",61752,2364.9
"07/29/2015 22:25:00","EDT","CAPITL",61757,1950
"07/29/2015 22:25:00","EDT","CENTRL",61754,2253.3
"07/29/2015 22:25:00","EDT","DUNWOD",61760,1147.4
"07/29/2015 22:25:00","EDT","GENESE",61753,1568.8
"07/29/2015 22:25:00","EDT","HUD VL",61758,1708
"07/29/2015 22:25:00","EDT","LONGIL",61762,4154
"07/29/2015 22:25:00","EDT","MHK VL",61756,1198.8
"07/29/2015 22:25:00","EDT","MILLWD",61759,489.2
"07/29/2015 22:25:00","EDT","N.Y.C.",61761,9441
"07/29/2015 22:25:00","EDT","NORTH",61755,515.5
"07/29/2015 22:25:00","EDT","WEST",61752,2329.9
"07/29/2015 22:30:00","EDT","CAPITL",61757,1928.1
"07/29/2015 22:30:00","EDT","CENTRL",61754,2237
"07/29/2015 22:30:00","EDT","DUNWOD",61760,1142.9
"07/29/2015 22:30:00","EDT","GENESE",61753,1558.4
"07/29/2015 22:30:00","EDT","HUD VL",61758,1669.3
"07/29/2015 22:30:00","EDT","LONGIL",61762,4114.5
"07/29/2015 22:30:00","EDT","MHK VL",61756,1196.1
"07/29/2015 22:30:00","EDT","MILLWD",61759,492.1
"07/29/2015 22:30:00","EDT","N.Y.C.",61761,9395.1
"07/29/2015 22:30:00","EDT","NORTH",61755,519.1
"07/29/2015 22:30:00","EDT","WEST",61752,2329.9
"07/29/2015 22:35:00","EDT","CAPITL",61757,1916.9
"07/29/2015 22:35:00","EDT","CENTRL",61754,2220.7
"07/29/2015 22:35:00","EDT","DUNWOD",61760,1136.3
"07/29/2015 22:35:00","EDT","GENESE",61753,1538.6
"07/29/2015 22:35:00","EDT","HUD VL",61758,1691.6
"07/29/2015 22:35:00","EDT","LONGIL",61762,4085.5
"07/29/2015 22:35:00","EDT","MHK VL",61756,1179.5
"07/29/2015 22:35:00","EDT","MILLWD",61759,475.8
"07/29/2015 22:35:00","EDT","N.Y.C.",61761,9355.7
"07/29/2015 22:35:00","EDT","NORTH",61755,526.4
"07/29/2015 22:35:00","EDT","WEST",61752,2316.6
"07/29/2015 22:40:00","EDT","CAPITL",61757,1897.9
"07/29/2015 22:40:00","EDT","CENTRL",61754,2192.2
"07/29/2015 22:40:00","EDT","DUNWOD",61760,1121.1
"07/29/2015 22:40:00","EDT","GENESE",61753,1523.2
"07/29/2015 22:40:00","EDT","HUD VL",61758,1674.6
"07/29/2015 22:40:00","EDT","LONGIL",61762,4034.8
"07/29/2015 22:40:00","EDT","MHK VL",61756,1173.8
"07/29/2015 22:40:00","EDT","MILLWD",61759,466.7
"07/29/2015 22:40:00","EDT","N.Y.C.",61761,9336.9
"07/29/2015 22:40:00","EDT","NORTH",61755,517.5
"07/29/2015 22:40:00","EDT","WEST",61752,2302.7
"07/29/2015 22:45:00","EDT","CAPITL",61757,1885
"07/29/2015 22:45:00","EDT","CENTRL",61754,2181.4
"07/29/2015 22:45:00","EDT","DUNWOD",61760,1102.6
"07/29/2015 22:45:00","EDT","GENESE",61753,1516.4
"07/29/2015 22:45:00","EDT","HUD VL",61758,1637.4
"07/29/2015 22:45:00","EDT","LONGIL",61762,4003.9
"07/29/2015 22:45:00","EDT","MHK VL",61756,1160.5
"07/29/2015 22:45:00","EDT","MILLWD",61759,483.3
"07/29/2015 22:45:00","EDT","N.Y.C.",61761,9249.7
"07/29/2015 22:45:00","EDT","NORTH",61755,513
"07/29/2015 22:45:00","EDT","WEST",61752,2286.1
"07/29/2015 22:50:00","EDT","CAPITL",61757,1856.2
"07/29/2015 22:50:00","EDT","CENTRL",61754,2153
"07/29/2015 22:50:00","EDT","DUNWOD",61760,1109.1
"07/29/2015 22:50:00","EDT","GENESE",61753,1504.9
"07/29/2015 22:50:00","EDT","HUD VL",61758,1629.1
"07/29/2015 22:50:00","EDT","LONGIL",61762,3983
"07/29/2015 22:50:00","EDT","MHK VL",61756,1164.2
"07/29/2015 22:50:00","EDT","MILLWD",61759,470.2
"07/29/2015 22:50:00","EDT","N.Y.C.",61761,9210.8
"07/29/2015 22:50:00","EDT","NORTH",61755,514.9
"07/29/2015 22:50:00","EDT","WEST",61752,2264.5
"07/29/2015 22:55:00","EDT","CAPITL",61757,1844.3
"07/29/2015 22:55:00","EDT","CENTRL",61754,2166.1
"07/29/2015 22:55:00","EDT","DUNWOD",61760,1100.8
"07/29/2015 22:55:00","EDT","GENESE",61753,1493
"07/29/2015 22:55:00","EDT","HUD VL",61758,1605.2
"07/29/2015 22:55:00","EDT","LONGIL",61762,3932.8
"07/29/2015 22:55:00","EDT","MHK VL",61756,1151.6
"07/29/2015 22:55:00","EDT","MILLWD",61759,464
"07/29/2015 22:55:00","EDT","N.Y.C.",61761,9174.7
"07/29/2015 22:55:00","EDT","NORTH",61755,509.2
"07/29/2015 22:55:00","EDT","WEST",61752,2234.5
"07/29/2015 23:00:00","EDT","CAPITL",61757,1830.9
"07/29/2015 23:00:00","EDT","CENTRL",61754,2143.3
"07/29/2015 23:00:00","EDT","DUNWOD",61760,1100.5
"07/29/2015 23:00:00","EDT","GENESE",61753,1480.6
"07/29/2015 23:00:00","EDT","HUD VL",61758,1590
"07/29/2015 23:00:00","EDT","LONGIL",61762,3935.5
"07/29/2015 23:00:00","EDT","MHK VL",61756,1129.9
"07/29/2015 23:00:00","EDT","MILLWD",61759,458.3
"07/29/2015 23:00:00","EDT","N.Y.C.",61761,9112.5
"07/29/2015 23:00:00","EDT","NORTH",61755,507.9
"07/29/2015 23:00:00","EDT","WEST",61752,2237.8
"07/29/2015 23:05:00","EDT","CAPITL",61757,1819.8
"07/29/2015 23:05:00","EDT","CENTRL",61754,2110.5
"07/29/2015 23:05:00","EDT","DUNWOD",61760,1085.1
"07/29/2015 23:05:00","EDT","GENESE",61753,1473.9
"07/29/2015 23:05:00","EDT","HUD VL",61758,1576.8
"07/29/2015 23:05:00","EDT","LONGIL",61762,3883.4
"07/29/2015 23:05:00","EDT","MHK VL",61756,1127.5
"07/29/2015 23:05:00","EDT","MILLWD",61759,456.3
"07/29/2015 23:05:00","EDT","N.Y.C.",61761,9058.6
"07/29/2015 23:05:00","EDT","NORTH",61755,511
"07/29/2015 23:05:00","EDT","WEST",61752,2218.9
"07/29/2015 23:10:00","EDT","CAPITL",61757,1800.4
"07/29/2015 23:10:00","EDT","CENTRL",61754,2083.9
"07/29/2015 23:10:00","EDT","DUNWOD",61760,1079.9
"07/29/2015 23:10:00","EDT","GENESE",61753,1458.5
"07/29/2015 23:10:00","EDT","HUD VL",61758,1570.5
"07/29/2015 23:10:00","EDT","LONGIL",61762,3827.7
"07/29/2015 23:10:00","EDT","MHK VL",61756,1095.8
"07/29/2015 23:10:00","EDT","MILLWD",61759,440.3
"07/29/2015 23:10:00","EDT","N.Y.C.",61761,8988.6
"07/29/2015 23:10:00","EDT","NORTH",61755,501.5
"07/29/2015 23:10:00","EDT","WEST",61752,2197.6
"07/29/2015 23:15:00","EDT","CAPITL",61757,1798.5
"07/29/2015 23:15:00","EDT","CENTRL",61754,2068.6
"07/29/2015 23:15:00","EDT","DUNWOD",61760,1070.9
"07/29/2015 23:15:00","EDT","GENESE",61753,1446.2
"07/29/2015 23:15:00","EDT","HUD VL",61758,1564.7
"07/29/2015 23:15:00","EDT","LONGIL",61762,3810
"07/29/2015 23:15:00","EDT","MHK VL",61756,1089
"07/29/2015 23:15:00","EDT","MILLWD",61759,453
"07/29/2015 23:15:00","EDT","N.Y.C.",61761,8914.6
"07/29/2015 23:15:00","EDT","NORTH",61755,492.9
"07/29/2015 23:15:00","EDT","WEST",61752,2166.9
"07/29/2015 23:20:00","EDT","CAPITL",61757,1769.5
"07/29/2015 23:20:00","EDT","CENTRL",61754,2064
"07/29/2015 23:20:00","EDT","DUNWOD",61760,1072.9
"07/29/2015 23:20:00","EDT","GENESE",61753,1433
"07/29/2015 23:20:00","EDT","HUD VL",61758,1495.5
"07/29/2015 23:20:00","EDT","LONGIL",61762,3772.8
"07/29/2015 23:20:00","EDT","MHK VL",61756,1077.6
"07/29/2015 23:20:00","EDT","MILLWD",61759,462.9
"07/29/2015 23:20:00","EDT","N.Y.C.",61761,8906.5
"07/29/2015 23:20:00","EDT","NORTH",61755,497.1
"07/29/2015 23:20:00","EDT","WEST",61752,2147.2
"07/29/2015 23:25:00","EDT","CAPITL",61757,1764.6
"07/29/2015 23:25:00","EDT","CENTRL",61754,2054.1
"07/29/2015 23:25:00","EDT","DUNWOD",61760,1062.7
"07/29/2015 23:25:00","EDT","GENESE",61753,1432.1
"07/29/2015 23:25:00","EDT","HUD VL",61758,1523.4
"07/29/2015 23:25:00","EDT","LONGIL",61762,3742.7
"07/29/2015 23:25:00","EDT","MHK VL",61756,1069
"07/29/2015 23:25:00","EDT","MILLWD",61759,442.1
"07/29/2015 23:25:00","EDT","N.Y.C.",61761,8861.4
"07/29/2015 23:25:00","EDT","NORTH",61755,487.6
"07/29/2015 23:25:00","EDT","WEST",61752,2166.7
"07/29/2015 23:30:00","EDT","CAPITL",61757,1752.2
"07/29/2015 23:30:00","EDT","CENTRL",61754,2031.9
"07/29/2015 23:30:00","EDT","DUNWOD",61760,1030
"07/29/2015 23:30:00","EDT","GENESE",61753,1415.6
"07/29/2015 23:30:00","EDT","HUD VL",61758,1478.1
"07/29/2015 23:30:00","EDT","LONGIL",61762,3706.4
"07/29/2015 23:30:00","EDT","MHK VL",61756,1073.5
"07/29/2015 23:30:00","EDT","MILLWD",61759,463.3
"07/29/2015 23:30:00","EDT","N.Y.C.",61761,8816.2
"07/29/2015 23:30:00","EDT","NORTH",61755,491.4
"07/29/2015 23:30:00","EDT","WEST",61752,2129.2
"07/29/2015 23:35:00","EDT","CAPITL",61757,1738.8
"07/29/2015 23:35:00","EDT","CENTRL",61754,2033.2
"07/29/2015 23:35:00","EDT","DUNWOD",61760,1037.6
"07/29/2015 23:35:00","EDT","GENESE",61753,1402
"07/29/2015 23:35:00","EDT","HUD VL",61758,1485.5
"07/29/2015 23:35:00","EDT","LONGIL",61762,3686
"07/29/2015 23:35:00","EDT","MHK VL",61756,1062.6
"07/29/2015 23:35:00","EDT","MILLWD",61759,444.3
"07/29/2015 23:35:00","EDT","N.Y.C.",61761,8743.2
"07/29/2015 23:35:00","EDT","NORTH",61755,496.8
"07/29/2015 23:35:00","EDT","WEST",61752,2141
"07/29/2015 23:40:00","EDT","CAPITL",61757,1728
"07/29/2015 23:40:00","EDT","CENTRL",61754,2022
"07/29/2015 23:40:00","EDT","DUNWOD",61760,1035.2
"07/29/2015 23:40:00","EDT","GENESE",61753,1390.4
"07/29/2015 23:40:00","EDT","HUD VL",61758,1466.5
"07/29/2015 23:40:00","EDT","LONGIL",61762,3648.7
"07/29/2015 23:40:00","EDT","MHK VL",61756,1055.9
"07/29/2015 23:40:00","EDT","MILLWD",61759,439.7
"07/29/2015 23:40:00","EDT","N.Y.C.",61761,8699.2
"07/29/2015 23:40:00","EDT","NORTH",61755,507
"07/29/2015 23:40:00","EDT","WEST",61752,2138
"07/29/2015 23:45:00","EDT","CAPITL",61757,1709.2
"07/29/2015 23:45:00","EDT","CENTRL",61754,2013.4
"07/29/2015 23:45:00","EDT","DUNWOD",61760,1032
"07/29/2015 23:45:00","EDT","GENESE",61753,1379.2
"07/29/2015 23:45:00","EDT","HUD VL",61758,1467.9
"07/29/2015 23:45:00","EDT","LONGIL",61762,3612.8
"07/29/2015 23:45:00","EDT","MHK VL",61756,1052.3
"07/29/2015 23:45:00","EDT","MILLWD",61759,423.7
"07/29/2015 23:45:00","EDT","N.Y.C.",61761,8660.1
"07/29/2015 23:45:00","EDT","NORTH",61755,489.9
"07/29/2015 23:45:00","EDT","WEST",61752,2096.7
"07/29/2015 23:50:00","EDT","CAPITL",61757,1702.6
"07/29/2015 23:50:00","EDT","CENTRL",61754,1983.4
"07/29/2015 23:50:00","EDT","DUNWOD",61760,1011.2
"07/29/2015 23:50:00","EDT","GENESE",61753,1365.6
"07/29/2015 23:50:00","EDT","HUD VL",61758,1424.9
"07/29/2015 23:50:00","EDT","LONGIL",61762,3603.6
"07/29/2015 23:50:00","EDT","MHK VL",61756,1043.6
"07/29/2015 23:50:00","EDT","MILLWD",61759,442.2
"07/29/2015 23:50:00","EDT","N.Y.C.",61761,8575.2
"07/29/2015 23:50:00","EDT","NORTH",61755,502
"07/29/2015 23:50:00","EDT","WEST",61752,2117
"07/29/2015 23:55:00","EDT","CAPITL",61757,1684.7
"07/29/2015 23:55:00","EDT","CENTRL",61754,1976.8
"07/29/2015 23:55:00","EDT","DUNWOD",61760,1005.4
"07/29/2015 23:55:00","EDT","GENESE",61753,1357.8
"07/29/2015 23:55:00","EDT","HUD VL",61758,1416.1
"07/29/2015 23:55:00","EDT","LONGIL",61762,3579.5
"07/29/2015 23:55:00","EDT","MHK VL",61756,1034.4
"07/29/2015 23:55:00","EDT","MILLWD",61759,432.9
"07/29/2015 23:55:00","EDT","N.Y.C.",61761,8555.5
"07/29/2015 23:55:00","EDT","NORTH",61755,499
"07/29/2015 23:55:00","EDT","WEST",61752,2086.1
