"Time Stamp","Time Zone","Name","PTID","Load"
"03/11/2013 00:00:00","EDT","CAPITL",61757,1121.2
"03/11/2013 00:00:00","EDT","CENTRL",61754,1540.7
"03/11/2013 00:00:00","EDT","DUNWOD",61760,580.1
"03/11/2013 00:00:00","EDT","GENESE",61753,875.8
"03/11/2013 00:00:00","EDT","HUD VL",61758,886.5
"03/11/2013 00:00:00","EDT","LONGIL",61762,2021.5
"03/11/2013 00:00:00","EDT","MHK VL",61756,839.9
"03/11/2013 00:00:00","EDT","MILLWD",61759,277.7
"03/11/2013 00:00:00","EDT","N.Y.C.",61761,4972.3
"03/11/2013 00:00:00","EDT","NORTH",61755,728.8
"03/11/2013 00:00:00","EDT","WEST",61752,1499.9
"03/11/2013 00:05:00","EDT","CAPITL",61757,1109.2
"03/11/2013 00:05:00","EDT","CENTRL",61754,1564.2
"03/11/2013 00:05:00","EDT","DUNWOD",61760,580.1
"03/11/2013 00:05:00","EDT","GENESE",61753,876.5
"03/11/2013 00:05:00","EDT","HUD VL",61758,873.6
"03/11/2013 00:05:00","EDT","LONGIL",61762,2021.2
"03/11/2013 00:05:00","EDT","MHK VL",61756,843.5
"03/11/2013 00:05:00","EDT","MILLWD",61759,248.7
"03/11/2013 00:05:00","EDT","N.Y.C.",61761,4947.5
"03/11/2013 00:05:00","EDT","NORTH",61755,731.7
"03/11/2013 00:05:00","EDT","WEST",61752,1508.7
"03/11/2013 00:10:00","EDT","CAPITL",61757,1097.8
"03/11/2013 00:10:00","EDT","CENTRL",61754,1573.5
"03/11/2013 00:10:00","EDT","DUNWOD",61760,570.8
"03/11/2013 00:10:00","EDT","GENESE",61753,867.8
"03/11/2013 00:10:00","EDT","HUD VL",61758,862.3
"03/11/2013 00:10:00","EDT","LONGIL",61762,2001.5
"03/11/2013 00:10:00","EDT","MHK VL",61756,828.5
"03/11/2013 00:10:00","EDT","MILLWD",61759,259.4
"03/11/2013 00:10:00","EDT","N.Y.C.",61761,4929.3
"03/11/2013 00:10:00","EDT","NORTH",61755,743
"03/11/2013 00:10:00","EDT","WEST",61752,1488.1
"03/11/2013 00:15:00","EDT","CAPITL",61757,1100
"03/11/2013 00:15:00","EDT","CENTRL",61754,1550.4
"03/11/2013 00:15:00","EDT","DUNWOD",61760,565.1
"03/11/2013 00:15:00","EDT","GENESE",61753,869.6
"03/11/2013 00:15:00","EDT","HUD VL",61758,872.1
"03/11/2013 00:15:00","EDT","LONGIL",61762,1985.2
"03/11/2013 00:15:00","EDT","MHK VL",61756,812.2
"03/11/2013 00:15:00","EDT","MILLWD",61759,261.1
"03/11/2013 00:15:00","EDT","N.Y.C.",61761,4865.7
"03/11/2013 00:15:00","EDT","NORTH",61755,739.8
"03/11/2013 00:15:00","EDT","WEST",61752,1498.4
"03/11/2013 00:20:00","EDT","CAPITL",61757,1097.1
"03/11/2013 00:20:00","EDT","CENTRL",61754,1519.6
"03/11/2013 00:20:00","EDT","DUNWOD",61760,568.5
"03/11/2013 00:20:00","EDT","GENESE",61753,862.8
"03/11/2013 00:20:00","EDT","HUD VL",61758,873.1
"03/11/2013 00:20:00","EDT","LONGIL",61762,1963.9
"03/11/2013 00:20:00","EDT","MHK VL",61756,815.7
"03/11/2013 00:20:00","EDT","MILLWD",61759,250.8
"03/11/2013 00:20:00","EDT","N.Y.C.",61761,4835
"03/11/2013 00:20:00","EDT","NORTH",61755,722.8
"03/11/2013 00:20:00","EDT","WEST",61752,1487.3
"03/11/2013 00:25:00","EDT","CAPITL",61757,1104.3
"03/11/2013 00:25:00","EDT","CENTRL",61754,1559.4
"03/11/2013 00:25:00","EDT","DUNWOD",61760,559.7
"03/11/2013 00:25:00","EDT","GENESE",61753,857.7
"03/11/2013 00:25:00","EDT","HUD VL",61758,862
"03/11/2013 00:25:00","EDT","LONGIL",61762,1952.7
"03/11/2013 00:25:00","EDT","MHK VL",61756,814.7
"03/11/2013 00:25:00","EDT","MILLWD",61759,255.7
"03/11/2013 00:25:00","EDT","N.Y.C.",61761,4811.9
"03/11/2013 00:25:00","EDT","NORTH",61755,730.5
"03/11/2013 00:25:00","EDT","WEST",61752,1484.7
"03/11/2013 00:30:00","EDT","CAPITL",61757,1084.8
"03/11/2013 00:30:00","EDT","CENTRL",61754,1521.9
"03/11/2013 00:30:00","EDT","DUNWOD",61760,560.2
"03/11/2013 00:30:00","EDT","GENESE",61753,857.8
"03/11/2013 00:30:00","EDT","HUD VL",61758,868.5
"03/11/2013 00:30:00","EDT","LONGIL",61762,1944.3
"03/11/2013 00:30:00","EDT","MHK VL",61756,814.8
"03/11/2013 00:30:00","EDT","MILLWD",61759,248.4
"03/11/2013 00:30:00","EDT","N.Y.C.",61761,4796.4
"03/11/2013 00:30:00","EDT","NORTH",61755,723.5
"03/11/2013 00:30:00","EDT","WEST",61752,1485
"03/11/2013 00:35:00","EDT","CAPITL",61757,1084.4
"03/11/2013 00:35:00","EDT","CENTRL",61754,1544.8
"03/11/2013 00:35:00","EDT","DUNWOD",61760,555.5
"03/11/2013 00:35:00","EDT","GENESE",61753,856
"03/11/2013 00:35:00","EDT","HUD VL",61758,842.2
"03/11/2013 00:35:00","EDT","LONGIL",61762,1934.2
"03/11/2013 00:35:00","EDT","MHK VL",61756,805.3
"03/11/2013 00:35:00","EDT","MILLWD",61759,258.8
"03/11/2013 00:35:00","EDT","N.Y.C.",61761,4778.9
"03/11/2013 00:35:00","EDT","NORTH",61755,729.1
"03/11/2013 00:35:00","EDT","WEST",61752,1483.3
"03/11/2013 00:40:00","EDT","CAPITL",61757,1084.8
"03/11/2013 00:40:00","EDT","CENTRL",61754,1569.2
"03/11/2013 00:40:00","EDT","DUNWOD",61760,548.7
"03/11/2013 00:40:00","EDT","GENESE",61753,845.3
"03/11/2013 00:40:00","EDT","HUD VL",61758,838.8
"03/11/2013 00:40:00","EDT","LONGIL",61762,1926.7
"03/11/2013 00:40:00","EDT","MHK VL",61756,806.1
"03/11/2013 00:40:00","EDT","MILLWD",61759,254.2
"03/11/2013 00:40:00","EDT","N.Y.C.",61761,4743
"03/11/2013 00:40:00","EDT","NORTH",61755,737.1
"03/11/2013 00:40:00","EDT","WEST",61752,1465.6
"03/11/2013 00:45:00","EDT","CAPITL",61757,1071.9
"03/11/2013 00:45:00","EDT","CENTRL",61754,1553.7
"03/11/2013 00:45:00","EDT","DUNWOD",61760,549.3
"03/11/2013 00:45:00","EDT","GENESE",61753,847.3
"03/11/2013 00:45:00","EDT","HUD VL",61758,831.5
"03/11/2013 00:45:00","EDT","LONGIL",61762,1913.1
"03/11/2013 00:45:00","EDT","MHK VL",61756,811.6
"03/11/2013 00:45:00","EDT","MILLWD",61759,263.9
"03/11/2013 00:45:00","EDT","N.Y.C.",61761,4701.5
"03/11/2013 00:45:00","EDT","NORTH",61755,729.2
"03/11/2013 00:45:00","EDT","WEST",61752,1468
"03/11/2013 00:48:10","EDT","CAPITL",61757,1072.9
"03/11/2013 00:48:10","EDT","CENTRL",61754,1497.1
"03/11/2013 00:48:10","EDT","DUNWOD",61760,551.1
"03/11/2013 00:48:10","EDT","GENESE",61753,846.7
"03/11/2013 00:48:10","EDT","HUD VL",61758,844.9
"03/11/2013 00:48:10","EDT","LONGIL",61762,1902.6
"03/11/2013 00:48:10","EDT","MHK VL",61756,820.3
"03/11/2013 00:48:10","EDT","MILLWD",61759,253.8
"03/11/2013 00:48:10","EDT","N.Y.C.",61761,4685.5
"03/11/2013 00:48:10","EDT","NORTH",61755,717
"03/11/2013 00:48:10","EDT","WEST",61752,1461
"03/11/2013 00:49:46","EDT","CAPITL",61757,1075.3
"03/11/2013 00:49:46","EDT","CENTRL",61754,1521.3
"03/11/2013 00:49:46","EDT","DUNWOD",61760,542.5
"03/11/2013 00:49:46","EDT","GENESE",61753,852.5
"03/11/2013 00:49:46","EDT","HUD VL",61758,829
"03/11/2013 00:49:46","EDT","LONGIL",61762,1900.1
"03/11/2013 00:49:46","EDT","MHK VL",61756,806.8
"03/11/2013 00:49:46","EDT","MILLWD",61759,254.2
"03/11/2013 00:49:46","EDT","N.Y.C.",61761,4694.1
"03/11/2013 00:49:46","EDT","NORTH",61755,740.2
"03/11/2013 00:49:46","EDT","WEST",61752,1456.1
"03/11/2013 00:50:00","EDT","CAPITL",61757,1075.7
"03/11/2013 00:50:00","EDT","CENTRL",61754,1519.1
"03/11/2013 00:50:00","EDT","DUNWOD",61760,544.2
"03/11/2013 00:50:00","EDT","GENESE",61753,838.1
"03/11/2013 00:50:00","EDT","HUD VL",61758,795.8
"03/11/2013 00:50:00","EDT","LONGIL",61762,1893.6
"03/11/2013 00:50:00","EDT","MHK VL",61756,813.9
"03/11/2013 00:50:00","EDT","MILLWD",61759,245.5
"03/11/2013 00:50:00","EDT","N.Y.C.",61761,4690.7
"03/11/2013 00:50:00","EDT","NORTH",61755,729.1
"03/11/2013 00:50:00","EDT","WEST",61752,1455.6
"03/11/2013 00:55:00","EDT","CAPITL",61757,1074.3
"03/11/2013 00:55:00","EDT","CENTRL",61754,1521.5
"03/11/2013 00:55:00","EDT","DUNWOD",61760,554.2
"03/11/2013 00:55:00","EDT","GENESE",61753,844.6
"03/11/2013 00:55:00","EDT","HUD VL",61758,842.4
"03/11/2013 00:55:00","EDT","LONGIL",61762,1880.8
"03/11/2013 00:55:00","EDT","MHK VL",61756,807.7
"03/11/2013 00:55:00","EDT","MILLWD",61759,253.7
"03/11/2013 00:55:00","EDT","N.Y.C.",61761,4671.5
"03/11/2013 00:55:00","EDT","NORTH",61755,730.3
"03/11/2013 00:55:00","EDT","WEST",61752,1467.5
"03/11/2013 01:00:00","EDT","CAPITL",61757,1091.8
"03/11/2013 01:00:00","EDT","CENTRL",61754,1531.2
"03/11/2013 01:00:00","EDT","DUNWOD",61760,547
"03/11/2013 01:00:00","EDT","GENESE",61753,832.9
"03/11/2013 01:00:00","EDT","HUD VL",61758,834.2
"03/11/2013 01:00:00","EDT","LONGIL",61762,1882.8
"03/11/2013 01:00:00","EDT","MHK VL",61756,795.2
"03/11/2013 01:00:00","EDT","MILLWD",61759,247.3
"03/11/2013 01:00:00","EDT","N.Y.C.",61761,4663.9
"03/11/2013 01:00:00","EDT","NORTH",61755,742.5
"03/11/2013 01:00:00","EDT","WEST",61752,1454.6
"03/11/2013 01:05:00","EDT","CAPITL",61757,1070.4
"03/11/2013 01:05:00","EDT","CENTRL",61754,1532.8
"03/11/2013 01:05:00","EDT","DUNWOD",61760,545.8
"03/11/2013 01:05:00","EDT","GENESE",61753,838
"03/11/2013 01:05:00","EDT","HUD VL",61758,824.4
"03/11/2013 01:05:00","EDT","LONGIL",61762,1873.8
"03/11/2013 01:05:00","EDT","MHK VL",61756,799.7
"03/11/2013 01:05:00","EDT","MILLWD",61759,240.5
"03/11/2013 01:05:00","EDT","N.Y.C.",61761,4645.3
"03/11/2013 01:05:00","EDT","NORTH",61755,731.9
"03/11/2013 01:05:00","EDT","WEST",61752,1448.9
"03/11/2013 01:10:00","EDT","CAPITL",61757,1063
"03/11/2013 01:10:00","EDT","CENTRL",61754,1501
"03/11/2013 01:10:00","EDT","DUNWOD",61760,556
"03/11/2013 01:10:00","EDT","GENESE",61753,834.4
"03/11/2013 01:10:00","EDT","HUD VL",61758,818.3
"03/11/2013 01:10:00","EDT","LONGIL",61762,1863.2
"03/11/2013 01:10:00","EDT","MHK VL",61756,802.2
"03/11/2013 01:10:00","EDT","MILLWD",61759,250.9
"03/11/2013 01:10:00","EDT","N.Y.C.",61761,4594.1
"03/11/2013 01:10:00","EDT","NORTH",61755,730.5
"03/11/2013 01:10:00","EDT","WEST",61752,1458.5
"03/11/2013 01:15:00","EDT","CAPITL",61757,1072.1
"03/11/2013 01:15:00","EDT","CENTRL",61754,1498.7
"03/11/2013 01:15:00","EDT","DUNWOD",61760,547.1
"03/11/2013 01:15:00","EDT","GENESE",61753,829.6
"03/11/2013 01:15:00","EDT","HUD VL",61758,839.4
"03/11/2013 01:15:00","EDT","LONGIL",61762,1864.4
"03/11/2013 01:15:00","EDT","MHK VL",61756,807.2
"03/11/2013 01:15:00","EDT","MILLWD",61759,232.4
"03/11/2013 01:15:00","EDT","N.Y.C.",61761,4614.4
"03/11/2013 01:15:00","EDT","NORTH",61755,721.2
"03/11/2013 01:15:00","EDT","WEST",61752,1459.7
"03/11/2013 01:20:00","EDT","CAPITL",61757,1059.5
"03/11/2013 01:20:00","EDT","CENTRL",61754,1520.5
"03/11/2013 01:20:00","EDT","DUNWOD",61760,548.2
"03/11/2013 01:20:00","EDT","GENESE",61753,830.1
"03/11/2013 01:20:00","EDT","HUD VL",61758,821.1
"03/11/2013 01:20:00","EDT","LONGIL",61762,1852.1
"03/11/2013 01:20:00","EDT","MHK VL",61756,787.8
"03/11/2013 01:20:00","EDT","MILLWD",61759,227.5
"03/11/2013 01:20:00","EDT","N.Y.C.",61761,4609.6
"03/11/2013 01:20:00","EDT","NORTH",61755,713
"03/11/2013 01:20:00","EDT","WEST",61752,1444.7
"03/11/2013 01:25:00","EDT","CAPITL",61757,1063.1
"03/11/2013 01:25:00","EDT","CENTRL",61754,1517.6
"03/11/2013 01:25:00","EDT","DUNWOD",61760,548.2
"03/11/2013 01:25:00","EDT","GENESE",61753,824.1
"03/11/2013 01:25:00","EDT","HUD VL",61758,835.1
"03/11/2013 01:25:00","EDT","LONGIL",61762,1840.5
"03/11/2013 01:25:00","EDT","MHK VL",61756,788.6
"03/11/2013 01:25:00","EDT","MILLWD",61759,247.2
"03/11/2013 01:25:00","EDT","N.Y.C.",61761,4564.9
"03/11/2013 01:25:00","EDT","NORTH",61755,736.5
"03/11/2013 01:25:00","EDT","WEST",61752,1434.5
"03/11/2013 01:30:00","EDT","CAPITL",61757,1064.3
"03/11/2013 01:30:00","EDT","CENTRL",61754,1511.3
"03/11/2013 01:30:00","EDT","DUNWOD",61760,537.5
"03/11/2013 01:30:00","EDT","GENESE",61753,829.8
"03/11/2013 01:30:00","EDT","HUD VL",61758,797.5
"03/11/2013 01:30:00","EDT","LONGIL",61762,1828.4
"03/11/2013 01:30:00","EDT","MHK VL",61756,784.8
"03/11/2013 01:30:00","EDT","MILLWD",61759,256.5
"03/11/2013 01:30:00","EDT","N.Y.C.",61761,4543.1
"03/11/2013 01:30:00","EDT","NORTH",61755,736.5
"03/11/2013 01:30:00","EDT","WEST",61752,1429
"03/11/2013 01:35:00","EDT","CAPITL",61757,1066.5
"03/11/2013 01:35:00","EDT","CENTRL",61754,1465.3
"03/11/2013 01:35:00","EDT","DUNWOD",61760,543
"03/11/2013 01:35:00","EDT","GENESE",61753,828
"03/11/2013 01:35:00","EDT","HUD VL",61758,811.9
"03/11/2013 01:35:00","EDT","LONGIL",61762,1821.5
"03/11/2013 01:35:00","EDT","MHK VL",61756,789
"03/11/2013 01:35:00","EDT","MILLWD",61759,237.9
"03/11/2013 01:35:00","EDT","N.Y.C.",61761,4542.8
"03/11/2013 01:35:00","EDT","NORTH",61755,735.4
"03/11/2013 01:35:00","EDT","WEST",61752,1422.5
"03/11/2013 01:40:00","EDT","CAPITL",61757,1055.4
"03/11/2013 01:40:00","EDT","CENTRL",61754,1496.8
"03/11/2013 01:40:00","EDT","DUNWOD",61760,537.6
"03/11/2013 01:40:00","EDT","GENESE",61753,816.6
"03/11/2013 01:40:00","EDT","HUD VL",61758,809.7
"03/11/2013 01:40:00","EDT","LONGIL",61762,1813.5
"03/11/2013 01:40:00","EDT","MHK VL",61756,783
"03/11/2013 01:40:00","EDT","MILLWD",61759,238.8
"03/11/2013 01:40:00","EDT","N.Y.C.",61761,4505.8
"03/11/2013 01:40:00","EDT","NORTH",61755,724.4
"03/11/2013 01:40:00","EDT","WEST",61752,1427.3
"03/11/2013 01:45:00","EDT","CAPITL",61757,1053.5
"03/11/2013 01:45:00","EDT","CENTRL",61754,1514.3
"03/11/2013 01:45:00","EDT","DUNWOD",61760,529.4
"03/11/2013 01:45:00","EDT","GENESE",61753,819
"03/11/2013 01:45:00","EDT","HUD VL",61758,819.7
"03/11/2013 01:45:00","EDT","LONGIL",61762,1805.4
"03/11/2013 01:45:00","EDT","MHK VL",61756,774.9
"03/11/2013 01:45:00","EDT","MILLWD",61759,246.5
"03/11/2013 01:45:00","EDT","N.Y.C.",61761,4504.4
"03/11/2013 01:45:00","EDT","NORTH",61755,727.7
"03/11/2013 01:45:00","EDT","WEST",61752,1407.3
"03/11/2013 01:50:00","EDT","CAPITL",61757,1057.5
"03/11/2013 01:50:00","EDT","CENTRL",61754,1513.2
"03/11/2013 01:50:00","EDT","DUNWOD",61760,526.9
"03/11/2013 01:50:00","EDT","GENESE",61753,826.9
"03/11/2013 01:50:00","EDT","HUD VL",61758,811.3
"03/11/2013 01:50:00","EDT","LONGIL",61762,1811.4
"03/11/2013 01:50:00","EDT","MHK VL",61756,781.1
"03/11/2013 01:50:00","EDT","MILLWD",61759,238.5
"03/11/2013 01:50:00","EDT","N.Y.C.",61761,4484.8
"03/11/2013 01:50:00","EDT","NORTH",61755,721
"03/11/2013 01:50:00","EDT","WEST",61752,1429.7
"03/11/2013 01:55:00","EDT","CAPITL",61757,1052
"03/11/2013 01:55:00","EDT","CENTRL",61754,1501.4
"03/11/2013 01:55:00","EDT","DUNWOD",61760,526.7
"03/11/2013 01:55:00","EDT","GENESE",61753,830.3
"03/11/2013 01:55:00","EDT","HUD VL",61758,815.9
"03/11/2013 01:55:00","EDT","LONGIL",61762,1805.2
"03/11/2013 01:55:00","EDT","MHK VL",61756,777.2
"03/11/2013 01:55:00","EDT","MILLWD",61759,223
"03/11/2013 01:55:00","EDT","N.Y.C.",61761,4511.8
"03/11/2013 01:55:00","EDT","NORTH",61755,723.7
"03/11/2013 01:55:00","EDT","WEST",61752,1433
"03/11/2013 02:00:00","EDT","CAPITL",61757,1056.8
"03/11/2013 02:00:00","EDT","CENTRL",61754,1457.8
"03/11/2013 02:00:00","EDT","DUNWOD",61760,527.8
"03/11/2013 02:00:00","EDT","GENESE",61753,818.4
"03/11/2013 02:00:00","EDT","HUD VL",61758,793.8
"03/11/2013 02:00:00","EDT","LONGIL",61762,1805.6
"03/11/2013 02:00:00","EDT","MHK VL",61756,781.8
"03/11/2013 02:00:00","EDT","MILLWD",61759,250.2
"03/11/2013 02:00:00","EDT","N.Y.C.",61761,4458.6
"03/11/2013 02:00:00","EDT","NORTH",61755,729.8
"03/11/2013 02:00:00","EDT","WEST",61752,1418.8
"03/11/2013 02:05:00","EDT","CAPITL",61757,1038.6
"03/11/2013 02:05:00","EDT","CENTRL",61754,1497.3
"03/11/2013 02:05:00","EDT","DUNWOD",61760,524.3
"03/11/2013 02:05:00","EDT","GENESE",61753,822.5
"03/11/2013 02:05:00","EDT","HUD VL",61758,814.5
"03/11/2013 02:05:00","EDT","LONGIL",61762,1810.3
"03/11/2013 02:05:00","EDT","MHK VL",61756,789.4
"03/11/2013 02:05:00","EDT","MILLWD",61759,231.3
"03/11/2013 02:05:00","EDT","N.Y.C.",61761,4463.3
"03/11/2013 02:05:00","EDT","NORTH",61755,721.5
"03/11/2013 02:05:00","EDT","WEST",61752,1426.9
"03/11/2013 02:10:00","EDT","CAPITL",61757,1043.2
"03/11/2013 02:10:00","EDT","CENTRL",61754,1491.3
"03/11/2013 02:10:00","EDT","DUNWOD",61760,522.5
"03/11/2013 02:10:00","EDT","GENESE",61753,821.4
"03/11/2013 02:10:00","EDT","HUD VL",61758,798.8
"03/11/2013 02:10:00","EDT","LONGIL",61762,1797.5
"03/11/2013 02:10:00","EDT","MHK VL",61756,794.3
"03/11/2013 02:10:00","EDT","MILLWD",61759,238.4
"03/11/2013 02:10:00","EDT","N.Y.C.",61761,4418.7
"03/11/2013 02:10:00","EDT","NORTH",61755,731.4
"03/11/2013 02:10:00","EDT","WEST",61752,1421.5
"03/11/2013 02:15:00","EDT","CAPITL",61757,1052
"03/11/2013 02:15:00","EDT","CENTRL",61754,1487.7
"03/11/2013 02:15:00","EDT","DUNWOD",61760,519.8
"03/11/2013 02:15:00","EDT","GENESE",61753,825.3
"03/11/2013 02:15:00","EDT","HUD VL",61758,790.5
"03/11/2013 02:15:00","EDT","LONGIL",61762,1787.5
"03/11/2013 02:15:00","EDT","MHK VL",61756,771.8
"03/11/2013 02:15:00","EDT","MILLWD",61759,257.6
"03/11/2013 02:15:00","EDT","N.Y.C.",61761,4411.6
"03/11/2013 02:15:00","EDT","NORTH",61755,721.7
"03/11/2013 02:15:00","EDT","WEST",61752,1435.2
"03/11/2013 02:20:00","EDT","CAPITL",61757,1050.5
"03/11/2013 02:20:00","EDT","CENTRL",61754,1486.9
"03/11/2013 02:20:00","EDT","DUNWOD",61760,515.6
"03/11/2013 02:20:00","EDT","GENESE",61753,815.5
"03/11/2013 02:20:00","EDT","HUD VL",61758,786.4
"03/11/2013 02:20:00","EDT","LONGIL",61762,1778.9
"03/11/2013 02:20:00","EDT","MHK VL",61756,798.1
"03/11/2013 02:20:00","EDT","MILLWD",61759,254.6
"03/11/2013 02:20:00","EDT","N.Y.C.",61761,4411.7
"03/11/2013 02:20:00","EDT","NORTH",61755,719.7
"03/11/2013 02:20:00","EDT","WEST",61752,1418.9
"03/11/2013 02:25:00","EDT","CAPITL",61757,1051.1
"03/11/2013 02:25:00","EDT","CENTRL",61754,1449.4
"03/11/2013 02:25:00","EDT","DUNWOD",61760,517.4
"03/11/2013 02:25:00","EDT","GENESE",61753,813.7
"03/11/2013 02:25:00","EDT","HUD VL",61758,803.2
"03/11/2013 02:25:00","EDT","LONGIL",61762,1785.8
"03/11/2013 02:25:00","EDT","MHK VL",61756,773.5
"03/11/2013 02:25:00","EDT","MILLWD",61759,240.3
"03/11/2013 02:25:00","EDT","N.Y.C.",61761,4413
"03/11/2013 02:25:00","EDT","NORTH",61755,725.4
"03/11/2013 02:25:00","EDT","WEST",61752,1422.7
"03/11/2013 02:30:00","EDT","CAPITL",61757,1047.3
"03/11/2013 02:30:00","EDT","CENTRL",61754,1441.3
"03/11/2013 02:30:00","EDT","DUNWOD",61760,514
"03/11/2013 02:30:00","EDT","GENESE",61753,808.5
"03/11/2013 02:30:00","EDT","HUD VL",61758,798.1
"03/11/2013 02:30:00","EDT","LONGIL",61762,1767.6
"03/11/2013 02:30:00","EDT","MHK VL",61756,780.4
"03/11/2013 02:30:00","EDT","MILLWD",61759,246.1
"03/11/2013 02:30:00","EDT","N.Y.C.",61761,4402.1
"03/11/2013 02:30:00","EDT","NORTH",61755,721.9
"03/11/2013 02:30:00","EDT","WEST",61752,1416.7
"03/11/2013 02:35:00","EDT","CAPITL",61757,1050
"03/11/2013 02:35:00","EDT","CENTRL",61754,1478.1
"03/11/2013 02:35:00","EDT","DUNWOD",61760,517.7
"03/11/2013 02:35:00","EDT","GENESE",61753,811.2
"03/11/2013 02:35:00","EDT","HUD VL",61758,796.6
"03/11/2013 02:35:00","EDT","LONGIL",61762,1774.9
"03/11/2013 02:35:00","EDT","MHK VL",61756,763
"03/11/2013 02:35:00","EDT","MILLWD",61759,227.7
"03/11/2013 02:35:00","EDT","N.Y.C.",61761,4389.7
"03/11/2013 02:35:00","EDT","NORTH",61755,732
"03/11/2013 02:35:00","EDT","WEST",61752,1420.2
"03/11/2013 02:40:00","EDT","CAPITL",61757,1052.6
"03/11/2013 02:40:00","EDT","CENTRL",61754,1474.7
"03/11/2013 02:40:00","EDT","DUNWOD",61760,515.2
"03/11/2013 02:40:00","EDT","GENESE",61753,807.9
"03/11/2013 02:40:00","EDT","HUD VL",61758,804.3
"03/11/2013 02:40:00","EDT","LONGIL",61762,1771.9
"03/11/2013 02:40:00","EDT","MHK VL",61756,768.2
"03/11/2013 02:40:00","EDT","MILLWD",61759,220.7
"03/11/2013 02:40:00","EDT","N.Y.C.",61761,4380.7
"03/11/2013 02:40:00","EDT","NORTH",61755,724.6
"03/11/2013 02:40:00","EDT","WEST",61752,1416.9
"03/11/2013 02:45:00","EDT","CAPITL",61757,1049.7
"03/11/2013 02:45:00","EDT","CENTRL",61754,1430.9
"03/11/2013 02:45:00","EDT","DUNWOD",61760,506.6
"03/11/2013 02:45:00","EDT","GENESE",61753,814.2
"03/11/2013 02:45:00","EDT","HUD VL",61758,795.4
"03/11/2013 02:45:00","EDT","LONGIL",61762,1763.8
"03/11/2013 02:45:00","EDT","MHK VL",61756,773.7
"03/11/2013 02:45:00","EDT","MILLWD",61759,227.1
"03/11/2013 02:45:00","EDT","N.Y.C.",61761,4376.2
"03/11/2013 02:45:00","EDT","NORTH",61755,722.9
"03/11/2013 02:45:00","EDT","WEST",61752,1441.2
"03/11/2013 02:50:00","EDT","CAPITL",61757,1041.8
"03/11/2013 02:50:00","EDT","CENTRL",61754,1480.6
"03/11/2013 02:50:00","EDT","DUNWOD",61760,507.6
"03/11/2013 02:50:00","EDT","GENESE",61753,801.9
"03/11/2013 02:50:00","EDT","HUD VL",61758,800.5
"03/11/2013 02:50:00","EDT","LONGIL",61762,1756.9
"03/11/2013 02:50:00","EDT","MHK VL",61756,772.8
"03/11/2013 02:50:00","EDT","MILLWD",61759,239.1
"03/11/2013 02:50:00","EDT","N.Y.C.",61761,4349.2
"03/11/2013 02:50:00","EDT","NORTH",61755,728.4
"03/11/2013 02:50:00","EDT","WEST",61752,1430.2
"03/11/2013 02:55:00","EDT","CAPITL",61757,1044.6
"03/11/2013 02:55:00","EDT","CENTRL",61754,1443.9
"03/11/2013 02:55:00","EDT","DUNWOD",61760,512.6
"03/11/2013 02:55:00","EDT","GENESE",61753,813.6
"03/11/2013 02:55:00","EDT","HUD VL",61758,807.5
"03/11/2013 02:55:00","EDT","LONGIL",61762,1751.4
"03/11/2013 02:55:00","EDT","MHK VL",61756,770.9
"03/11/2013 02:55:00","EDT","MILLWD",61759,229.2
"03/11/2013 02:55:00","EDT","N.Y.C.",61761,4361.4
"03/11/2013 02:55:00","EDT","NORTH",61755,719.5
"03/11/2013 02:55:00","EDT","WEST",61752,1426.9
"03/11/2013 03:00:00","EDT","CAPITL",61757,1042.8
"03/11/2013 03:00:00","EDT","CENTRL",61754,1475
"03/11/2013 03:00:00","EDT","DUNWOD",61760,509.8
"03/11/2013 03:00:00","EDT","GENESE",61753,812.1
"03/11/2013 03:00:00","EDT","HUD VL",61758,786.3
"03/11/2013 03:00:00","EDT","LONGIL",61762,1752
"03/11/2013 03:00:00","EDT","MHK VL",61756,776
"03/11/2013 03:00:00","EDT","MILLWD",61759,243
"03/11/2013 03:00:00","EDT","N.Y.C.",61761,4328.6
"03/11/2013 03:00:00","EDT","NORTH",61755,722.1
"03/11/2013 03:00:00","EDT","WEST",61752,1411.5
"03/11/2013 03:05:00","EDT","CAPITL",61757,1046.3
"03/11/2013 03:05:00","EDT","CENTRL",61754,1440.6
"03/11/2013 03:05:00","EDT","DUNWOD",61760,510.7
"03/11/2013 03:05:00","EDT","GENESE",61753,809.3
"03/11/2013 03:05:00","EDT","HUD VL",61758,796.9
"03/11/2013 03:05:00","EDT","LONGIL",61762,1752.4
"03/11/2013 03:05:00","EDT","MHK VL",61756,770.5
"03/11/2013 03:05:00","EDT","MILLWD",61759,225.4
"03/11/2013 03:05:00","EDT","N.Y.C.",61761,4352.8
"03/11/2013 03:05:00","EDT","NORTH",61755,721
"03/11/2013 03:05:00","EDT","WEST",61752,1416
"03/11/2013 03:10:00","EDT","CAPITL",61757,1047.4
"03/11/2013 03:10:00","EDT","CENTRL",61754,1480.4
"03/11/2013 03:10:00","EDT","DUNWOD",61760,508.1
"03/11/2013 03:10:00","EDT","GENESE",61753,811.7
"03/11/2013 03:10:00","EDT","HUD VL",61758,789.6
"03/11/2013 03:10:00","EDT","LONGIL",61762,1748
"03/11/2013 03:10:00","EDT","MHK VL",61756,765.8
"03/11/2013 03:10:00","EDT","MILLWD",61759,239.1
"03/11/2013 03:10:00","EDT","N.Y.C.",61761,4342.7
"03/11/2013 03:10:00","EDT","NORTH",61755,718.7
"03/11/2013 03:10:00","EDT","WEST",61752,1418.3
"03/11/2013 03:15:00","EDT","CAPITL",61757,1045.8
"03/11/2013 03:15:00","EDT","CENTRL",61754,1468.3
"03/11/2013 03:15:00","EDT","DUNWOD",61760,510.4
"03/11/2013 03:15:00","EDT","GENESE",61753,808.5
"03/11/2013 03:15:00","EDT","HUD VL",61758,802.1
"03/11/2013 03:15:00","EDT","LONGIL",61762,1745.6
"03/11/2013 03:15:00","EDT","MHK VL",61756,752.4
"03/11/2013 03:15:00","EDT","MILLWD",61759,225.9
"03/11/2013 03:15:00","EDT","N.Y.C.",61761,4343.8
"03/11/2013 03:15:00","EDT","NORTH",61755,725.6
"03/11/2013 03:15:00","EDT","WEST",61752,1407.7
"03/11/2013 03:20:00","EDT","CAPITL",61757,1054.3
"03/11/2013 03:20:00","EDT","CENTRL",61754,1469
"03/11/2013 03:20:00","EDT","DUNWOD",61760,505.7
"03/11/2013 03:20:00","EDT","GENESE",61753,811.9
"03/11/2013 03:20:00","EDT","HUD VL",61758,796.4
"03/11/2013 03:20:00","EDT","LONGIL",61762,1743.5
"03/11/2013 03:20:00","EDT","MHK VL",61756,755.3
"03/11/2013 03:20:00","EDT","MILLWD",61759,236.4
"03/11/2013 03:20:00","EDT","N.Y.C.",61761,4329.7
"03/11/2013 03:20:00","EDT","NORTH",61755,718.2
"03/11/2013 03:20:00","EDT","WEST",61752,1414
"03/11/2013 03:25:00","EDT","CAPITL",61757,1047.3
"03/11/2013 03:25:00","EDT","CENTRL",61754,1433.2
"03/11/2013 03:25:00","EDT","DUNWOD",61760,510.5
"03/11/2013 03:25:00","EDT","GENESE",61753,807
"03/11/2013 03:25:00","EDT","HUD VL",61758,783
"03/11/2013 03:25:00","EDT","LONGIL",61762,1741.4
"03/11/2013 03:25:00","EDT","MHK VL",61756,756.2
"03/11/2013 03:25:00","EDT","MILLWD",61759,232.1
"03/11/2013 03:25:00","EDT","N.Y.C.",61761,4346.9
"03/11/2013 03:25:00","EDT","NORTH",61755,718
"03/11/2013 03:25:00","EDT","WEST",61752,1417
"03/11/2013 03:30:00","EDT","CAPITL",61757,1045.6
"03/11/2013 03:30:00","EDT","CENTRL",61754,1453.6
"03/11/2013 03:30:00","EDT","DUNWOD",61760,506.1
"03/11/2013 03:30:00","EDT","GENESE",61753,817.3
"03/11/2013 03:30:00","EDT","HUD VL",61758,772.2
"03/11/2013 03:30:00","EDT","LONGIL",61762,1740.5
"03/11/2013 03:30:00","EDT","MHK VL",61756,755.3
"03/11/2013 03:30:00","EDT","MILLWD",61759,254.6
"03/11/2013 03:30:00","EDT","N.Y.C.",61761,4302.3
"03/11/2013 03:30:00","EDT","NORTH",61755,723.6
"03/11/2013 03:30:00","EDT","WEST",61752,1407
"03/11/2013 03:35:00","EDT","CAPITL",61757,1039.4
"03/11/2013 03:35:00","EDT","CENTRL",61754,1477.6
"03/11/2013 03:35:00","EDT","DUNWOD",61760,508.6
"03/11/2013 03:35:00","EDT","GENESE",61753,806.3
"03/11/2013 03:35:00","EDT","HUD VL",61758,809.9
"03/11/2013 03:35:00","EDT","LONGIL",61762,1755.6
"03/11/2013 03:35:00","EDT","MHK VL",61756,756.4
"03/11/2013 03:35:00","EDT","MILLWD",61759,223
"03/11/2013 03:35:00","EDT","N.Y.C.",61761,4337
"03/11/2013 03:35:00","EDT","NORTH",61755,709.1
"03/11/2013 03:35:00","EDT","WEST",61752,1435.9
"03/11/2013 03:40:00","EDT","CAPITL",61757,1048.7
"03/11/2013 03:40:00","EDT","CENTRL",61754,1473.9
"03/11/2013 03:40:00","EDT","DUNWOD",61760,503.2
"03/11/2013 03:40:00","EDT","GENESE",61753,802.1
"03/11/2013 03:40:00","EDT","HUD VL",61758,751.7
"03/11/2013 03:40:00","EDT","LONGIL",61762,1760.8
"03/11/2013 03:40:00","EDT","MHK VL",61756,766.7
"03/11/2013 03:40:00","EDT","MILLWD",61759,249.3
"03/11/2013 03:40:00","EDT","N.Y.C.",61761,4308
"03/11/2013 03:40:00","EDT","NORTH",61755,715.2
"03/11/2013 03:40:00","EDT","WEST",61752,1406
"03/11/2013 03:45:00","EDT","CAPITL",61757,1046.6
"03/11/2013 03:45:00","EDT","CENTRL",61754,1471.7
"03/11/2013 03:45:00","EDT","DUNWOD",61760,501.5
"03/11/2013 03:45:00","EDT","GENESE",61753,813.9
"03/11/2013 03:45:00","EDT","HUD VL",61758,781.9
"03/11/2013 03:45:00","EDT","LONGIL",61762,1763.3
"03/11/2013 03:45:00","EDT","MHK VL",61756,761.7
"03/11/2013 03:45:00","EDT","MILLWD",61759,247.8
"03/11/2013 03:45:00","EDT","N.Y.C.",61761,4302.4
"03/11/2013 03:45:00","EDT","NORTH",61755,720.7
"03/11/2013 03:45:00","EDT","WEST",61752,1405.2
"03/11/2013 03:50:00","EDT","CAPITL",61757,1047.1
"03/11/2013 03:50:00","EDT","CENTRL",61754,1469.9
"03/11/2013 03:50:00","EDT","DUNWOD",61760,494.8
"03/11/2013 03:50:00","EDT","GENESE",61753,810.6
"03/11/2013 03:50:00","EDT","HUD VL",61758,814
"03/11/2013 03:50:00","EDT","LONGIL",61762,1759.9
"03/11/2013 03:50:00","EDT","MHK VL",61756,769.2
"03/11/2013 03:50:00","EDT","MILLWD",61759,229.7
"03/11/2013 03:50:00","EDT","N.Y.C.",61761,4332.3
"03/11/2013 03:50:00","EDT","NORTH",61755,714.1
"03/11/2013 03:50:00","EDT","WEST",61752,1427.6
"03/11/2013 03:55:00","EDT","CAPITL",61757,1044.1
"03/11/2013 03:55:00","EDT","CENTRL",61754,1490.1
"03/11/2013 03:55:00","EDT","DUNWOD",61760,502.8
"03/11/2013 03:55:00","EDT","GENESE",61753,818.1
"03/11/2013 03:55:00","EDT","HUD VL",61758,775.8
"03/11/2013 03:55:00","EDT","LONGIL",61762,1754.5
"03/11/2013 03:55:00","EDT","MHK VL",61756,751.3
"03/11/2013 03:55:00","EDT","MILLWD",61759,241.5
"03/11/2013 03:55:00","EDT","N.Y.C.",61761,4326.1
"03/11/2013 03:55:00","EDT","NORTH",61755,720.9
"03/11/2013 03:55:00","EDT","WEST",61752,1413.5
"03/11/2013 04:00:00","EDT","CAPITL",61757,1057
"03/11/2013 04:00:00","EDT","CENTRL",61754,1500.3
"03/11/2013 04:00:00","EDT","DUNWOD",61760,505.8
"03/11/2013 04:00:00","EDT","GENESE",61753,817.5
"03/11/2013 04:00:00","EDT","HUD VL",61758,793.8
"03/11/2013 04:00:00","EDT","LONGIL",61762,1754.2
"03/11/2013 04:00:00","EDT","MHK VL",61756,760.6
"03/11/2013 04:00:00","EDT","MILLWD",61759,234
"03/11/2013 04:00:00","EDT","N.Y.C.",61761,4303.3
"03/11/2013 04:00:00","EDT","NORTH",61755,725.3
"03/11/2013 04:00:00","EDT","WEST",61752,1434.2
"03/11/2013 04:05:00","EDT","CAPITL",61757,1056.5
"03/11/2013 04:05:00","EDT","CENTRL",61754,1507.4
"03/11/2013 04:05:00","EDT","DUNWOD",61760,505.5
"03/11/2013 04:05:00","EDT","GENESE",61753,821.7
"03/11/2013 04:05:00","EDT","HUD VL",61758,791.2
"03/11/2013 04:05:00","EDT","LONGIL",61762,1749.7
"03/11/2013 04:05:00","EDT","MHK VL",61756,765.4
"03/11/2013 04:05:00","EDT","MILLWD",61759,239.6
"03/11/2013 04:05:00","EDT","N.Y.C.",61761,4299.8
"03/11/2013 04:05:00","EDT","NORTH",61755,714.3
"03/11/2013 04:05:00","EDT","WEST",61752,1414.6
"03/11/2013 04:10:00","EDT","CAPITL",61757,1062.2
"03/11/2013 04:10:00","EDT","CENTRL",61754,1450.2
"03/11/2013 04:10:00","EDT","DUNWOD",61760,510
"03/11/2013 04:10:00","EDT","GENESE",61753,824.2
"03/11/2013 04:10:00","EDT","HUD VL",61758,805.4
"03/11/2013 04:10:00","EDT","LONGIL",61762,1760.9
"03/11/2013 04:10:00","EDT","MHK VL",61756,765
"03/11/2013 04:10:00","EDT","MILLWD",61759,226.1
"03/11/2013 04:10:00","EDT","N.Y.C.",61761,4311
"03/11/2013 04:10:00","EDT","NORTH",61755,710.9
"03/11/2013 04:10:00","EDT","WEST",61752,1434
"03/11/2013 04:15:00","EDT","CAPITL",61757,1069.9
"03/11/2013 04:15:00","EDT","CENTRL",61754,1459.5
"03/11/2013 04:15:00","EDT","DUNWOD",61760,507.2
"03/11/2013 04:15:00","EDT","GENESE",61753,826.6
"03/11/2013 04:15:00","EDT","HUD VL",61758,800.4
"03/11/2013 04:15:00","EDT","LONGIL",61762,1762.8
"03/11/2013 04:15:00","EDT","MHK VL",61756,760
"03/11/2013 04:15:00","EDT","MILLWD",61759,245.9
"03/11/2013 04:15:00","EDT","N.Y.C.",61761,4305.9
"03/11/2013 04:15:00","EDT","NORTH",61755,706.9
"03/11/2013 04:15:00","EDT","WEST",61752,1434.1
"03/11/2013 04:20:00","EDT","CAPITL",61757,1063.7
"03/11/2013 04:20:00","EDT","CENTRL",61754,1500.5
"03/11/2013 04:20:00","EDT","DUNWOD",61760,506.3
"03/11/2013 04:20:00","EDT","GENESE",61753,831
"03/11/2013 04:20:00","EDT","HUD VL",61758,810.3
"03/11/2013 04:20:00","EDT","LONGIL",61762,1764.1
"03/11/2013 04:20:00","EDT","MHK VL",61756,765.2
"03/11/2013 04:20:00","EDT","MILLWD",61759,228.7
"03/11/2013 04:20:00","EDT","N.Y.C.",61761,4331.3
"03/11/2013 04:20:00","EDT","NORTH",61755,708
"03/11/2013 04:20:00","EDT","WEST",61752,1458.1
"03/11/2013 04:25:00","EDT","CAPITL",61757,1078.7
"03/11/2013 04:25:00","EDT","CENTRL",61754,1498.6
"03/11/2013 04:25:00","EDT","DUNWOD",61760,501.7
"03/11/2013 04:25:00","EDT","GENESE",61753,830.2
"03/11/2013 04:25:00","EDT","HUD VL",61758,852.5
"03/11/2013 04:25:00","EDT","LONGIL",61762,1772.1
"03/11/2013 04:25:00","EDT","MHK VL",61756,772
"03/11/2013 04:25:00","EDT","MILLWD",61759,268.5
"03/11/2013 04:25:00","EDT","N.Y.C.",61761,4306.6
"03/11/2013 04:25:00","EDT","NORTH",61755,710.5
"03/11/2013 04:25:00","EDT","WEST",61752,1436.5
"03/11/2013 04:30:00","EDT","CAPITL",61757,1073.1
"03/11/2013 04:30:00","EDT","CENTRL",61754,1520.7
"03/11/2013 04:30:00","EDT","DUNWOD",61760,515.6
"03/11/2013 04:30:00","EDT","GENESE",61753,834.5
"03/11/2013 04:30:00","EDT","HUD VL",61758,799.4
"03/11/2013 04:30:00","EDT","LONGIL",61762,1757.9
"03/11/2013 04:30:00","EDT","MHK VL",61756,775.9
"03/11/2013 04:30:00","EDT","MILLWD",61759,232.4
"03/11/2013 04:30:00","EDT","N.Y.C.",61761,4332.4
"03/11/2013 04:30:00","EDT","NORTH",61755,715.9
"03/11/2013 04:30:00","EDT","WEST",61752,1441.1
"03/11/2013 04:35:00","EDT","CAPITL",61757,1052.6
"03/11/2013 04:35:00","EDT","CENTRL",61754,1500.9
"03/11/2013 04:35:00","EDT","DUNWOD",61760,511
"03/11/2013 04:35:00","EDT","GENESE",61753,832.2
"03/11/2013 04:35:00","EDT","HUD VL",61758,797.5
"03/11/2013 04:35:00","EDT","LONGIL",61762,1771.2
"03/11/2013 04:35:00","EDT","MHK VL",61756,780.3
"03/11/2013 04:35:00","EDT","MILLWD",61759,243.5
"03/11/2013 04:35:00","EDT","N.Y.C.",61761,4331.8
"03/11/2013 04:35:00","EDT","NORTH",61755,721.1
"03/11/2013 04:35:00","EDT","WEST",61752,1445.2
"03/11/2013 04:40:00","EDT","CAPITL",61757,1062.1
"03/11/2013 04:40:00","EDT","CENTRL",61754,1505.6
"03/11/2013 04:40:00","EDT","DUNWOD",61760,515.6
"03/11/2013 04:40:00","EDT","GENESE",61753,840.4
"03/11/2013 04:40:00","EDT","HUD VL",61758,815.2
"03/11/2013 04:40:00","EDT","LONGIL",61762,1773.6
"03/11/2013 04:40:00","EDT","MHK VL",61756,782.7
"03/11/2013 04:40:00","EDT","MILLWD",61759,242.4
"03/11/2013 04:40:00","EDT","N.Y.C.",61761,4324.9
"03/11/2013 04:40:00","EDT","NORTH",61755,715.3
"03/11/2013 04:40:00","EDT","WEST",61752,1462.1
"03/11/2013 04:45:00","EDT","CAPITL",61757,1066.5
"03/11/2013 04:45:00","EDT","CENTRL",61754,1534.8
"03/11/2013 04:45:00","EDT","DUNWOD",61760,515.2
"03/11/2013 04:45:00","EDT","GENESE",61753,849.8
"03/11/2013 04:45:00","EDT","HUD VL",61758,810.3
"03/11/2013 04:45:00","EDT","LONGIL",61762,1774.5
"03/11/2013 04:45:00","EDT","MHK VL",61756,779.2
"03/11/2013 04:45:00","EDT","MILLWD",61759,233.5
"03/11/2013 04:45:00","EDT","N.Y.C.",61761,4351.3
"03/11/2013 04:45:00","EDT","NORTH",61755,713.1
"03/11/2013 04:45:00","EDT","WEST",61752,1461.3
"03/11/2013 04:50:00","EDT","CAPITL",61757,1070.7
"03/11/2013 04:50:00","EDT","CENTRL",61754,1529.6
"03/11/2013 04:50:00","EDT","DUNWOD",61760,511.9
"03/11/2013 04:50:00","EDT","GENESE",61753,843.6
"03/11/2013 04:50:00","EDT","HUD VL",61758,826.5
"03/11/2013 04:50:00","EDT","LONGIL",61762,1783.8
"03/11/2013 04:50:00","EDT","MHK VL",61756,784
"03/11/2013 04:50:00","EDT","MILLWD",61759,241.9
"03/11/2013 04:50:00","EDT","N.Y.C.",61761,4366.1
"03/11/2013 04:50:00","EDT","NORTH",61755,721.5
"03/11/2013 04:50:00","EDT","WEST",61752,1463.6
"03/11/2013 04:55:00","EDT","CAPITL",61757,1082.9
"03/11/2013 04:55:00","EDT","CENTRL",61754,1554.5
"03/11/2013 04:55:00","EDT","DUNWOD",61760,510.6
"03/11/2013 04:55:00","EDT","GENESE",61753,854.4
"03/11/2013 04:55:00","EDT","HUD VL",61758,817.1
"03/11/2013 04:55:00","EDT","LONGIL",61762,1796.4
"03/11/2013 04:55:00","EDT","MHK VL",61756,784.9
"03/11/2013 04:55:00","EDT","MILLWD",61759,244.8
"03/11/2013 04:55:00","EDT","N.Y.C.",61761,4376.8
"03/11/2013 04:55:00","EDT","NORTH",61755,725.3
"03/11/2013 04:55:00","EDT","WEST",61752,1469.7
"03/11/2013 05:00:00","EDT","CAPITL",61757,1088
"03/11/2013 05:00:00","EDT","CENTRL",61754,1500.8
"03/11/2013 05:00:00","EDT","DUNWOD",61760,513.1
"03/11/2013 05:00:00","EDT","GENESE",61753,862.2
"03/11/2013 05:00:00","EDT","HUD VL",61758,842
"03/11/2013 05:00:00","EDT","LONGIL",61762,1802.8
"03/11/2013 05:00:00","EDT","MHK VL",61756,797.5
"03/11/2013 05:00:00","EDT","MILLWD",61759,243.7
"03/11/2013 05:00:00","EDT","N.Y.C.",61761,4382.6
"03/11/2013 05:00:00","EDT","NORTH",61755,711.5
"03/11/2013 05:00:00","EDT","WEST",61752,1484.3
"03/11/2013 05:05:00","EDT","CAPITL",61757,1088.5
"03/11/2013 05:05:00","EDT","CENTRL",61754,1513.7
"03/11/2013 05:05:00","EDT","DUNWOD",61760,523
"03/11/2013 05:05:00","EDT","GENESE",61753,853.9
"03/11/2013 05:05:00","EDT","HUD VL",61758,829.2
"03/11/2013 05:05:00","EDT","LONGIL",61762,1816.1
"03/11/2013 05:05:00","EDT","MHK VL",61756,797.9
"03/11/2013 05:05:00","EDT","MILLWD",61759,251.7
"03/11/2013 05:05:00","EDT","N.Y.C.",61761,4383.8
"03/11/2013 05:05:00","EDT","NORTH",61755,743
"03/11/2013 05:05:00","EDT","WEST",61752,1475
"03/11/2013 05:10:00","EDT","CAPITL",61757,1099.7
"03/11/2013 05:10:00","EDT","CENTRL",61754,1568
"03/11/2013 05:10:00","EDT","DUNWOD",61760,533.6
"03/11/2013 05:10:00","EDT","GENESE",61753,870.7
"03/11/2013 05:10:00","EDT","HUD VL",61758,812.4
"03/11/2013 05:10:00","EDT","LONGIL",61762,1836.3
"03/11/2013 05:10:00","EDT","MHK VL",61756,816.6
"03/11/2013 05:10:00","EDT","MILLWD",61759,281.9
"03/11/2013 05:10:00","EDT","N.Y.C.",61761,4442
"03/11/2013 05:10:00","EDT","NORTH",61755,739.6
"03/11/2013 05:10:00","EDT","WEST",61752,1501.7
"03/11/2013 05:15:00","EDT","CAPITL",61757,1122.2
"03/11/2013 05:15:00","EDT","CENTRL",61754,1525.7
"03/11/2013 05:15:00","EDT","DUNWOD",61760,535.7
"03/11/2013 05:15:00","EDT","GENESE",61753,876.7
"03/11/2013 05:15:00","EDT","HUD VL",61758,835.8
"03/11/2013 05:15:00","EDT","LONGIL",61762,1845.5
"03/11/2013 05:15:00","EDT","MHK VL",61756,818.5
"03/11/2013 05:15:00","EDT","MILLWD",61759,265.1
"03/11/2013 05:15:00","EDT","N.Y.C.",61761,4461.1
"03/11/2013 05:15:00","EDT","NORTH",61755,730.2
"03/11/2013 05:15:00","EDT","WEST",61752,1485.5
"03/11/2013 05:20:00","EDT","CAPITL",61757,1127
"03/11/2013 05:20:00","EDT","CENTRL",61754,1569.2
"03/11/2013 05:20:00","EDT","DUNWOD",61760,534.3
"03/11/2013 05:20:00","EDT","GENESE",61753,888.3
"03/11/2013 05:20:00","EDT","HUD VL",61758,859.3
"03/11/2013 05:20:00","EDT","LONGIL",61762,1857.2
"03/11/2013 05:20:00","EDT","MHK VL",61756,817.6
"03/11/2013 05:20:00","EDT","MILLWD",61759,253.4
"03/11/2013 05:20:00","EDT","N.Y.C.",61761,4486.6
"03/11/2013 05:20:00","EDT","NORTH",61755,735.5
"03/11/2013 05:20:00","EDT","WEST",61752,1506.1
"03/11/2013 05:25:00","EDT","CAPITL",61757,1148.4
"03/11/2013 05:25:00","EDT","CENTRL",61754,1589.2
"03/11/2013 05:25:00","EDT","DUNWOD",61760,532
"03/11/2013 05:25:00","EDT","GENESE",61753,890.2
"03/11/2013 05:25:00","EDT","HUD VL",61758,866.9
"03/11/2013 05:25:00","EDT","LONGIL",61762,1881
"03/11/2013 05:25:00","EDT","MHK VL",61756,835.3
"03/11/2013 05:25:00","EDT","MILLWD",61759,259.9
"03/11/2013 05:25:00","EDT","N.Y.C.",61761,4513.2
"03/11/2013 05:25:00","EDT","NORTH",61755,734.2
"03/11/2013 05:25:00","EDT","WEST",61752,1512.6
"03/11/2013 05:30:00","EDT","CAPITL",61757,1165.5
"03/11/2013 05:30:00","EDT","CENTRL",61754,1605
"03/11/2013 05:30:00","EDT","DUNWOD",61760,551
"03/11/2013 05:30:00","EDT","GENESE",61753,888.8
"03/11/2013 05:30:00","EDT","HUD VL",61758,860.8
"03/11/2013 05:30:00","EDT","LONGIL",61762,1884.1
"03/11/2013 05:30:00","EDT","MHK VL",61756,827.8
"03/11/2013 05:30:00","EDT","MILLWD",61759,263.8
"03/11/2013 05:30:00","EDT","N.Y.C.",61761,4519.5
"03/11/2013 05:30:00","EDT","NORTH",61755,737.8
"03/11/2013 05:30:00","EDT","WEST",61752,1518.5
"03/11/2013 05:35:00","EDT","CAPITL",61757,1153.9
"03/11/2013 05:35:00","EDT","CENTRL",61754,1612.2
"03/11/2013 05:35:00","EDT","DUNWOD",61760,543.6
"03/11/2013 05:35:00","EDT","GENESE",61753,898.1
"03/11/2013 05:35:00","EDT","HUD VL",61758,875.5
"03/11/2013 05:35:00","EDT","LONGIL",61762,1886.1
"03/11/2013 05:35:00","EDT","MHK VL",61756,835.8
"03/11/2013 05:35:00","EDT","MILLWD",61759,272.3
"03/11/2013 05:35:00","EDT","N.Y.C.",61761,4561.3
"03/11/2013 05:35:00","EDT","NORTH",61755,738.9
"03/11/2013 05:35:00","EDT","WEST",61752,1521.6
"03/11/2013 05:40:00","EDT","CAPITL",61757,1158.7
"03/11/2013 05:40:00","EDT","CENTRL",61754,1636
"03/11/2013 05:40:00","EDT","DUNWOD",61760,545.5
"03/11/2013 05:40:00","EDT","GENESE",61753,910.7
"03/11/2013 05:40:00","EDT","HUD VL",61758,897.1
"03/11/2013 05:40:00","EDT","LONGIL",61762,1921.7
"03/11/2013 05:40:00","EDT","MHK VL",61756,848.1
"03/11/2013 05:40:00","EDT","MILLWD",61759,262.5
"03/11/2013 05:40:00","EDT","N.Y.C.",61761,4617.4
"03/11/2013 05:40:00","EDT","NORTH",61755,738
"03/11/2013 05:40:00","EDT","WEST",61752,1529.5
"03/11/2013 05:45:00","EDT","CAPITL",61757,1175.3
"03/11/2013 05:45:00","EDT","CENTRL",61754,1634
"03/11/2013 05:45:00","EDT","DUNWOD",61760,559.9
"03/11/2013 05:45:00","EDT","GENESE",61753,930
"03/11/2013 05:45:00","EDT","HUD VL",61758,881
"03/11/2013 05:45:00","EDT","LONGIL",61762,1928.4
"03/11/2013 05:45:00","EDT","MHK VL",61756,848.8
"03/11/2013 05:45:00","EDT","MILLWD",61759,276.9
"03/11/2013 05:45:00","EDT","N.Y.C.",61761,4623.3
"03/11/2013 05:45:00","EDT","NORTH",61755,734.7
"03/11/2013 05:45:00","EDT","WEST",61752,1531.1
"03/11/2013 05:50:00","EDT","CAPITL",61757,1195.2
"03/11/2013 05:50:00","EDT","CENTRL",61754,1609.6
"03/11/2013 05:50:00","EDT","DUNWOD",61760,551.9
"03/11/2013 05:50:00","EDT","GENESE",61753,930.8
"03/11/2013 05:50:00","EDT","HUD VL",61758,892.9
"03/11/2013 05:50:00","EDT","LONGIL",61762,1952.7
"03/11/2013 05:50:00","EDT","MHK VL",61756,855.9
"03/11/2013 05:50:00","EDT","MILLWD",61759,292.5
"03/11/2013 05:50:00","EDT","N.Y.C.",61761,4634.4
"03/11/2013 05:50:00","EDT","NORTH",61755,738.2
"03/11/2013 05:50:00","EDT","WEST",61752,1562.5
"03/11/2013 05:55:00","EDT","CAPITL",61757,1200.3
"03/11/2013 05:55:00","EDT","CENTRL",61754,1631.4
"03/11/2013 05:55:00","EDT","DUNWOD",61760,559.1
"03/11/2013 05:55:00","EDT","GENESE",61753,939.6
"03/11/2013 05:55:00","EDT","HUD VL",61758,888.9
"03/11/2013 05:55:00","EDT","LONGIL",61762,1973.8
"03/11/2013 05:55:00","EDT","MHK VL",61756,858.1
"03/11/2013 05:55:00","EDT","MILLWD",61759,285.9
"03/11/2013 05:55:00","EDT","N.Y.C.",61761,4676
"03/11/2013 05:55:00","EDT","NORTH",61755,748.5
"03/11/2013 05:55:00","EDT","WEST",61752,1551.4
"03/11/2013 06:00:00","EDT","CAPITL",61757,1216.3
"03/11/2013 06:00:00","EDT","CENTRL",61754,1628.4
"03/11/2013 06:00:00","EDT","DUNWOD",61760,569.8
"03/11/2013 06:00:00","EDT","GENESE",61753,956.1
"03/11/2013 06:00:00","EDT","HUD VL",61758,913.1
"03/11/2013 06:00:00","EDT","LONGIL",61762,1985.9
"03/11/2013 06:00:00","EDT","MHK VL",61756,881.4
"03/11/2013 06:00:00","EDT","MILLWD",61759,287.7
"03/11/2013 06:00:00","EDT","N.Y.C.",61761,4727.5
"03/11/2013 06:00:00","EDT","NORTH",61755,740.4
"03/11/2013 06:00:00","EDT","WEST",61752,1573.5
"03/11/2013 06:05:04","EDT","CAPITL",61757,1229.8
"03/11/2013 06:05:04","EDT","CENTRL",61754,1676.6
"03/11/2013 06:05:04","EDT","DUNWOD",61760,581.3
"03/11/2013 06:05:04","EDT","GENESE",61753,974.8
"03/11/2013 06:05:04","EDT","HUD VL",61758,939.1
"03/11/2013 06:05:04","EDT","LONGIL",61762,2015.8
"03/11/2013 06:05:04","EDT","MHK VL",61756,896.1
"03/11/2013 06:05:04","EDT","MILLWD",61759,268.3
"03/11/2013 06:05:04","EDT","N.Y.C.",61761,4796.8
"03/11/2013 06:05:04","EDT","NORTH",61755,744.4
"03/11/2013 06:05:04","EDT","WEST",61752,1600.8
"03/11/2013 06:08:46","EDT","CAPITL",61757,1259.2
"03/11/2013 06:08:46","EDT","CENTRL",61754,1733.6
"03/11/2013 06:08:46","EDT","DUNWOD",61760,578.5
"03/11/2013 06:08:46","EDT","GENESE",61753,998.7
"03/11/2013 06:08:46","EDT","HUD VL",61758,942.2
"03/11/2013 06:08:46","EDT","LONGIL",61762,2088.6
"03/11/2013 06:08:46","EDT","MHK VL",61756,926.2
"03/11/2013 06:08:46","EDT","MILLWD",61759,298.2
"03/11/2013 06:08:46","EDT","N.Y.C.",61761,4891.8
"03/11/2013 06:08:46","EDT","NORTH",61755,745.1
"03/11/2013 06:08:46","EDT","WEST",61752,1624.9
"03/11/2013 06:10:00","EDT","CAPITL",61757,1278.7
"03/11/2013 06:10:00","EDT","CENTRL",61754,1745.3
"03/11/2013 06:10:00","EDT","DUNWOD",61760,596.2
"03/11/2013 06:10:00","EDT","GENESE",61753,1005.5
"03/11/2013 06:10:00","EDT","HUD VL",61758,942.9
"03/11/2013 06:10:00","EDT","LONGIL",61762,2085.3
"03/11/2013 06:10:00","EDT","MHK VL",61756,938.4
"03/11/2013 06:10:00","EDT","MILLWD",61759,313.5
"03/11/2013 06:10:00","EDT","N.Y.C.",61761,4907.2
"03/11/2013 06:10:00","EDT","NORTH",61755,760.3
"03/11/2013 06:10:00","EDT","WEST",61752,1618.9
"03/11/2013 06:15:00","EDT","CAPITL",61757,1286.8
"03/11/2013 06:15:00","EDT","CENTRL",61754,1758
"03/11/2013 06:15:00","EDT","DUNWOD",61760,597.5
"03/11/2013 06:15:00","EDT","GENESE",61753,1009.5
"03/11/2013 06:15:00","EDT","HUD VL",61758,966.1
"03/11/2013 06:15:00","EDT","LONGIL",61762,2093.8
"03/11/2013 06:15:00","EDT","MHK VL",61756,931.1
"03/11/2013 06:15:00","EDT","MILLWD",61759,312.4
"03/11/2013 06:15:00","EDT","N.Y.C.",61761,4910.4
"03/11/2013 06:15:00","EDT","NORTH",61755,759.3
"03/11/2013 06:15:00","EDT","WEST",61752,1668.2
"03/11/2013 06:20:00","EDT","CAPITL",61757,1299.5
"03/11/2013 06:20:00","EDT","CENTRL",61754,1795.9
"03/11/2013 06:20:00","EDT","DUNWOD",61760,601.6
"03/11/2013 06:20:00","EDT","GENESE",61753,1023.1
"03/11/2013 06:20:00","EDT","HUD VL",61758,969.9
"03/11/2013 06:20:00","EDT","LONGIL",61762,2114.2
"03/11/2013 06:20:00","EDT","MHK VL",61756,948.7
"03/11/2013 06:20:00","EDT","MILLWD",61759,307.9
"03/11/2013 06:20:00","EDT","N.Y.C.",61761,4987.4
"03/11/2013 06:20:00","EDT","NORTH",61755,763.6
"03/11/2013 06:20:00","EDT","WEST",61752,1665.1
"03/11/2013 06:25:00","EDT","CAPITL",61757,1312.8
"03/11/2013 06:25:00","EDT","CENTRL",61754,1796
"03/11/2013 06:25:00","EDT","DUNWOD",61760,608
"03/11/2013 06:25:00","EDT","GENESE",61753,1037.9
"03/11/2013 06:25:00","EDT","HUD VL",61758,990.9
"03/11/2013 06:25:00","EDT","LONGIL",61762,2124.8
"03/11/2013 06:25:00","EDT","MHK VL",61756,958.2
"03/11/2013 06:25:00","EDT","MILLWD",61759,310.6
"03/11/2013 06:25:00","EDT","N.Y.C.",61761,5052.8
"03/11/2013 06:25:00","EDT","NORTH",61755,770.4
"03/11/2013 06:25:00","EDT","WEST",61752,1683.8
"03/11/2013 06:30:00","EDT","CAPITL",61757,1318.8
"03/11/2013 06:30:00","EDT","CENTRL",61754,1836.3
"03/11/2013 06:30:00","EDT","DUNWOD",61760,621.3
"03/11/2013 06:30:00","EDT","GENESE",61753,1034.9
"03/11/2013 06:30:00","EDT","HUD VL",61758,1003.4
"03/11/2013 06:30:00","EDT","LONGIL",61762,2131.9
"03/11/2013 06:30:00","EDT","MHK VL",61756,967
"03/11/2013 06:30:00","EDT","MILLWD",61759,324.2
"03/11/2013 06:30:00","EDT","N.Y.C.",61761,5101.1
"03/11/2013 06:30:00","EDT","NORTH",61755,766.2
"03/11/2013 06:30:00","EDT","WEST",61752,1699.2
"03/11/2013 06:35:00","EDT","CAPITL",61757,1326.4
"03/11/2013 06:35:00","EDT","CENTRL",61754,1863.6
"03/11/2013 06:35:00","EDT","DUNWOD",61760,626.2
"03/11/2013 06:35:00","EDT","GENESE",61753,1045
"03/11/2013 06:35:00","EDT","HUD VL",61758,1021.6
"03/11/2013 06:35:00","EDT","LONGIL",61762,2177.2
"03/11/2013 06:35:00","EDT","MHK VL",61756,979
"03/11/2013 06:35:00","EDT","MILLWD",61759,326.4
"03/11/2013 06:35:00","EDT","N.Y.C.",61761,5130.5
"03/11/2013 06:35:00","EDT","NORTH",61755,767.7
"03/11/2013 06:35:00","EDT","WEST",61752,1713.8
"03/11/2013 06:40:00","EDT","CAPITL",61757,1363.3
"03/11/2013 06:40:00","EDT","CENTRL",61754,1846.6
"03/11/2013 06:40:00","EDT","DUNWOD",61760,625.9
"03/11/2013 06:40:00","EDT","GENESE",61753,1053
"03/11/2013 06:40:00","EDT","HUD VL",61758,1031.1
"03/11/2013 06:40:00","EDT","LONGIL",61762,2208.1
"03/11/2013 06:40:00","EDT","MHK VL",61756,995.9
"03/11/2013 06:40:00","EDT","MILLWD",61759,324.5
"03/11/2013 06:40:00","EDT","N.Y.C.",61761,5201.6
"03/11/2013 06:40:00","EDT","NORTH",61755,766
"03/11/2013 06:40:00","EDT","WEST",61752,1723.4
"03/11/2013 06:45:00","EDT","CAPITL",61757,1375.5
"03/11/2013 06:45:00","EDT","CENTRL",61754,1893.8
"03/11/2013 06:45:00","EDT","DUNWOD",61760,631.6
"03/11/2013 06:45:00","EDT","GENESE",61753,1076.6
"03/11/2013 06:45:00","EDT","HUD VL",61758,1022.9
"03/11/2013 06:45:00","EDT","LONGIL",61762,2244.9
"03/11/2013 06:45:00","EDT","MHK VL",61756,1001.1
"03/11/2013 06:45:00","EDT","MILLWD",61759,331.3
"03/11/2013 06:45:00","EDT","N.Y.C.",61761,5264.5
"03/11/2013 06:45:00","EDT","NORTH",61755,770.5
"03/11/2013 06:45:00","EDT","WEST",61752,1736.3
"03/11/2013 06:50:00","EDT","CAPITL",61757,1389.3
"03/11/2013 06:50:00","EDT","CENTRL",61754,1877.6
"03/11/2013 06:50:00","EDT","DUNWOD",61760,647.8
"03/11/2013 06:50:00","EDT","GENESE",61753,1084.9
"03/11/2013 06:50:00","EDT","HUD VL",61758,1033.8
"03/11/2013 06:50:00","EDT","LONGIL",61762,2252.6
"03/11/2013 06:50:00","EDT","MHK VL",61756,1002.1
"03/11/2013 06:50:00","EDT","MILLWD",61759,339.1
"03/11/2013 06:50:00","EDT","N.Y.C.",61761,5346.1
"03/11/2013 06:50:00","EDT","NORTH",61755,775.1
"03/11/2013 06:50:00","EDT","WEST",61752,1744.7
"03/11/2013 06:55:00","EDT","CAPITL",61757,1394.4
"03/11/2013 06:55:00","EDT","CENTRL",61754,1928.5
"03/11/2013 06:55:00","EDT","DUNWOD",61760,648.7
"03/11/2013 06:55:00","EDT","GENESE",61753,1090.4
"03/11/2013 06:55:00","EDT","HUD VL",61758,1036.7
"03/11/2013 06:55:00","EDT","LONGIL",61762,2262.6
"03/11/2013 06:55:00","EDT","MHK VL",61756,1006.2
"03/11/2013 06:55:00","EDT","MILLWD",61759,351.7
"03/11/2013 06:55:00","EDT","N.Y.C.",61761,5364.4
"03/11/2013 06:55:00","EDT","NORTH",61755,782.4
"03/11/2013 06:55:00","EDT","WEST",61752,1753.8
"03/11/2013 07:00:00","EDT","CAPITL",61757,1414.4
"03/11/2013 07:00:00","EDT","CENTRL",61754,1954.5
"03/11/2013 07:00:00","EDT","DUNWOD",61760,654.3
"03/11/2013 07:00:00","EDT","GENESE",61753,1100.4
"03/11/2013 07:00:00","EDT","HUD VL",61758,1044
"03/11/2013 07:00:00","EDT","LONGIL",61762,2292.7
"03/11/2013 07:00:00","EDT","MHK VL",61756,1010.8
"03/11/2013 07:00:00","EDT","MILLWD",61759,357.4
"03/11/2013 07:00:00","EDT","N.Y.C.",61761,5381.9
"03/11/2013 07:00:00","EDT","NORTH",61755,781.4
"03/11/2013 07:00:00","EDT","WEST",61752,1767.2
"03/11/2013 07:05:00","EDT","CAPITL",61757,1424.8
"03/11/2013 07:05:00","EDT","CENTRL",61754,1961.8
"03/11/2013 07:05:00","EDT","DUNWOD",61760,678.4
"03/11/2013 07:05:00","EDT","GENESE",61753,1110.9
"03/11/2013 07:05:00","EDT","HUD VL",61758,1068.6
"03/11/2013 07:05:00","EDT","LONGIL",61762,2326.1
"03/11/2013 07:05:00","EDT","MHK VL",61756,1027.6
"03/11/2013 07:05:00","EDT","MILLWD",61759,338.3
"03/11/2013 07:05:00","EDT","N.Y.C.",61761,5445.8
"03/11/2013 07:05:00","EDT","NORTH",61755,780.9
"03/11/2013 07:05:00","EDT","WEST",61752,1791.1
"03/11/2013 07:10:00","EDT","CAPITL",61757,1440.6
"03/11/2013 07:10:00","EDT","CENTRL",61754,1999.4
"03/11/2013 07:10:00","EDT","DUNWOD",61760,679.5
"03/11/2013 07:10:00","EDT","GENESE",61753,1135.9
"03/11/2013 07:10:00","EDT","HUD VL",61758,1064
"03/11/2013 07:10:00","EDT","LONGIL",61762,2344.5
"03/11/2013 07:10:00","EDT","MHK VL",61756,1044.4
"03/11/2013 07:10:00","EDT","MILLWD",61759,358.7
"03/11/2013 07:10:00","EDT","N.Y.C.",61761,5521.1
"03/11/2013 07:10:00","EDT","NORTH",61755,789.9
"03/11/2013 07:10:00","EDT","WEST",61752,1803
"03/11/2013 07:15:00","EDT","CAPITL",61757,1440.5
"03/11/2013 07:15:00","EDT","CENTRL",61754,1959.7
"03/11/2013 07:15:00","EDT","DUNWOD",61760,691.7
"03/11/2013 07:15:00","EDT","GENESE",61753,1138
"03/11/2013 07:15:00","EDT","HUD VL",61758,1076.2
"03/11/2013 07:15:00","EDT","LONGIL",61762,2358.2
"03/11/2013 07:15:00","EDT","MHK VL",61756,1058.7
"03/11/2013 07:15:00","EDT","MILLWD",61759,348.5
"03/11/2013 07:15:00","EDT","N.Y.C.",61761,5576.1
"03/11/2013 07:15:00","EDT","NORTH",61755,796.4
"03/11/2013 07:15:00","EDT","WEST",61752,1817.9
"03/11/2013 07:20:00","EDT","CAPITL",61757,1452.4
"03/11/2013 07:20:00","EDT","CENTRL",61754,1965.7
"03/11/2013 07:20:00","EDT","DUNWOD",61760,700.4
"03/11/2013 07:20:00","EDT","GENESE",61753,1144.7
"03/11/2013 07:20:00","EDT","HUD VL",61758,1091.7
"03/11/2013 07:20:00","EDT","LONGIL",61762,2367.3
"03/11/2013 07:20:00","EDT","MHK VL",61756,1058.2
"03/11/2013 07:20:00","EDT","MILLWD",61759,346.4
"03/11/2013 07:20:00","EDT","N.Y.C.",61761,5648
"03/11/2013 07:20:00","EDT","NORTH",61755,780.8
"03/11/2013 07:20:00","EDT","WEST",61752,1822.8
"03/11/2013 07:25:00","EDT","CAPITL",61757,1455.4
"03/11/2013 07:25:00","EDT","CENTRL",61754,1994.1
"03/11/2013 07:25:00","EDT","DUNWOD",61760,693.1
"03/11/2013 07:25:00","EDT","GENESE",61753,1147.1
"03/11/2013 07:25:00","EDT","HUD VL",61758,1086.3
"03/11/2013 07:25:00","EDT","LONGIL",61762,2386.5
"03/11/2013 07:25:00","EDT","MHK VL",61756,1050.7
"03/11/2013 07:25:00","EDT","MILLWD",61759,354
"03/11/2013 07:25:00","EDT","N.Y.C.",61761,5674.6
"03/11/2013 07:25:00","EDT","NORTH",61755,793.3
"03/11/2013 07:25:00","EDT","WEST",61752,1833.1
"03/11/2013 07:30:00","EDT","CAPITL",61757,1456.6
"03/11/2013 07:30:00","EDT","CENTRL",61754,2007
"03/11/2013 07:30:00","EDT","DUNWOD",61760,694.9
"03/11/2013 07:30:00","EDT","GENESE",61753,1155.9
"03/11/2013 07:30:00","EDT","HUD VL",61758,1074.9
"03/11/2013 07:30:00","EDT","LONGIL",61762,2388.1
"03/11/2013 07:30:00","EDT","MHK VL",61756,1052.5
"03/11/2013 07:30:00","EDT","MILLWD",61759,358.9
"03/11/2013 07:30:00","EDT","N.Y.C.",61761,5709.5
"03/11/2013 07:30:00","EDT","NORTH",61755,801.1
"03/11/2013 07:30:00","EDT","WEST",61752,1828.8
"03/11/2013 07:35:00","EDT","CAPITL",61757,1446
"03/11/2013 07:35:00","EDT","CENTRL",61754,1997.9
"03/11/2013 07:35:00","EDT","DUNWOD",61760,698.5
"03/11/2013 07:35:00","EDT","GENESE",61753,1162.6
"03/11/2013 07:35:00","EDT","HUD VL",61758,1072.9
"03/11/2013 07:35:00","EDT","LONGIL",61762,2380
"03/11/2013 07:35:00","EDT","MHK VL",61756,1048.7
"03/11/2013 07:35:00","EDT","MILLWD",61759,349.9
"03/11/2013 07:35:00","EDT","N.Y.C.",61761,5735.5
"03/11/2013 07:35:00","EDT","NORTH",61755,790.3
"03/11/2013 07:35:00","EDT","WEST",61752,1847.3
"03/11/2013 07:40:00","EDT","CAPITL",61757,1438.9
"03/11/2013 07:40:00","EDT","CENTRL",61754,2000.5
"03/11/2013 07:40:00","EDT","DUNWOD",61760,695
"03/11/2013 07:40:00","EDT","GENESE",61753,1151.4
"03/11/2013 07:40:00","EDT","HUD VL",61758,1082.3
"03/11/2013 07:40:00","EDT","LONGIL",61762,2386.5
"03/11/2013 07:40:00","EDT","MHK VL",61756,1050.3
"03/11/2013 07:40:00","EDT","MILLWD",61759,365.5
"03/11/2013 07:40:00","EDT","N.Y.C.",61761,5787.7
"03/11/2013 07:40:00","EDT","NORTH",61755,785
"03/11/2013 07:40:00","EDT","WEST",61752,1846.1
"03/11/2013 07:45:00","EDT","CAPITL",61757,1439.1
"03/11/2013 07:45:00","EDT","CENTRL",61754,1999
"03/11/2013 07:45:00","EDT","DUNWOD",61760,699.6
"03/11/2013 07:45:00","EDT","GENESE",61753,1159.1
"03/11/2013 07:45:00","EDT","HUD VL",61758,1096.4
"03/11/2013 07:45:00","EDT","LONGIL",61762,2387.4
"03/11/2013 07:45:00","EDT","MHK VL",61756,1052.3
"03/11/2013 07:45:00","EDT","MILLWD",61759,363.6
"03/11/2013 07:45:00","EDT","N.Y.C.",61761,5822.1
"03/11/2013 07:45:00","EDT","NORTH",61755,788.3
"03/11/2013 07:45:00","EDT","WEST",61752,1859.6
"03/11/2013 07:50:00","EDT","CAPITL",61757,1425.2
"03/11/2013 07:50:00","EDT","CENTRL",61754,2018.5
"03/11/2013 07:50:00","EDT","DUNWOD",61760,709.1
"03/11/2013 07:50:00","EDT","GENESE",61753,1154.1
"03/11/2013 07:50:00","EDT","HUD VL",61758,1081.6
"03/11/2013 07:50:00","EDT","LONGIL",61762,2408.9
"03/11/2013 07:50:00","EDT","MHK VL",61756,1057.2
"03/11/2013 07:50:00","EDT","MILLWD",61759,342.7
"03/11/2013 07:50:00","EDT","N.Y.C.",61761,5869
"03/11/2013 07:50:00","EDT","NORTH",61755,793.5
"03/11/2013 07:50:00","EDT","WEST",61752,1850.6
"03/11/2013 07:55:00","EDT","CAPITL",61757,1429.4
"03/11/2013 07:55:00","EDT","CENTRL",61754,2025.3
"03/11/2013 07:55:00","EDT","DUNWOD",61760,694.7
"03/11/2013 07:55:00","EDT","GENESE",61753,1150
"03/11/2013 07:55:00","EDT","HUD VL",61758,1094.6
"03/11/2013 07:55:00","EDT","LONGIL",61762,2425
"03/11/2013 07:55:00","EDT","MHK VL",61756,1048.6
"03/11/2013 07:55:00","EDT","MILLWD",61759,347.1
"03/11/2013 07:55:00","EDT","N.Y.C.",61761,5885.2
"03/11/2013 07:55:00","EDT","NORTH",61755,790.2
"03/11/2013 07:55:00","EDT","WEST",61752,1844.7
"03/11/2013 08:00:00","EDT","CAPITL",61757,1431.5
"03/11/2013 08:00:00","EDT","CENTRL",61754,2022.9
"03/11/2013 08:00:00","EDT","DUNWOD",61760,715.7
"03/11/2013 08:00:00","EDT","GENESE",61753,1155.6
"03/11/2013 08:00:00","EDT","HUD VL",61758,1116.7
"03/11/2013 08:00:00","EDT","LONGIL",61762,2410
"03/11/2013 08:00:00","EDT","MHK VL",61756,1047.7
"03/11/2013 08:00:00","EDT","MILLWD",61759,355.6
"03/11/2013 08:00:00","EDT","N.Y.C.",61761,5899
"03/11/2013 08:00:00","EDT","NORTH",61755,781.9
"03/11/2013 08:00:00","EDT","WEST",61752,1836.5
"03/11/2013 08:05:00","EDT","CAPITL",61757,1430.1
"03/11/2013 08:05:00","EDT","CENTRL",61754,1972.4
"03/11/2013 08:05:00","EDT","DUNWOD",61760,716.3
"03/11/2013 08:05:00","EDT","GENESE",61753,1154.5
"03/11/2013 08:05:00","EDT","HUD VL",61758,1122.7
"03/11/2013 08:05:00","EDT","LONGIL",61762,2425
"03/11/2013 08:05:00","EDT","MHK VL",61756,1054.4
"03/11/2013 08:05:00","EDT","MILLWD",61759,342
"03/11/2013 08:05:00","EDT","N.Y.C.",61761,5961.2
"03/11/2013 08:05:00","EDT","NORTH",61755,794.1
"03/11/2013 08:05:00","EDT","WEST",61752,1851.8
"03/11/2013 08:10:00","EDT","CAPITL",61757,1435.7
"03/11/2013 08:10:00","EDT","CENTRL",61754,1971
"03/11/2013 08:10:00","EDT","DUNWOD",61760,711.8
"03/11/2013 08:10:00","EDT","GENESE",61753,1144
"03/11/2013 08:10:00","EDT","HUD VL",61758,1116.5
"03/11/2013 08:10:00","EDT","LONGIL",61762,2440.6
"03/11/2013 08:10:00","EDT","MHK VL",61756,1048.4
"03/11/2013 08:10:00","EDT","MILLWD",61759,349
"03/11/2013 08:10:00","EDT","N.Y.C.",61761,6005.5
"03/11/2013 08:10:00","EDT","NORTH",61755,807.1
"03/11/2013 08:10:00","EDT","WEST",61752,1845.2
"03/11/2013 08:15:00","EDT","CAPITL",61757,1440.2
"03/11/2013 08:15:00","EDT","CENTRL",61754,2019.3
"03/11/2013 08:15:00","EDT","DUNWOD",61760,706
"03/11/2013 08:15:00","EDT","GENESE",61753,1164.1
"03/11/2013 08:15:00","EDT","HUD VL",61758,1112.3
"03/11/2013 08:15:00","EDT","LONGIL",61762,2435.8
"03/11/2013 08:15:00","EDT","MHK VL",61756,1039
"03/11/2013 08:15:00","EDT","MILLWD",61759,345.3
"03/11/2013 08:15:00","EDT","N.Y.C.",61761,6051.8
"03/11/2013 08:15:00","EDT","NORTH",61755,791.3
"03/11/2013 08:15:00","EDT","WEST",61752,1850.8
"03/11/2013 08:20:00","EDT","CAPITL",61757,1431.6
"03/11/2013 08:20:00","EDT","CENTRL",61754,2019.8
"03/11/2013 08:20:00","EDT","DUNWOD",61760,699.1
"03/11/2013 08:20:00","EDT","GENESE",61753,1154.9
"03/11/2013 08:20:00","EDT","HUD VL",61758,1109.3
"03/11/2013 08:20:00","EDT","LONGIL",61762,2467.7
"03/11/2013 08:20:00","EDT","MHK VL",61756,1053.7
"03/11/2013 08:20:00","EDT","MILLWD",61759,346
"03/11/2013 08:20:00","EDT","N.Y.C.",61761,6061.7
"03/11/2013 08:20:00","EDT","NORTH",61755,788.6
"03/11/2013 08:20:00","EDT","WEST",61752,1851.6
"03/11/2013 08:25:00","EDT","CAPITL",61757,1434.6
"03/11/2013 08:25:00","EDT","CENTRL",61754,2030
"03/11/2013 08:25:00","EDT","DUNWOD",61760,702.1
"03/11/2013 08:25:00","EDT","GENESE",61753,1163.7
"03/11/2013 08:25:00","EDT","HUD VL",61758,1109.2
"03/11/2013 08:25:00","EDT","LONGIL",61762,2454.8
"03/11/2013 08:25:00","EDT","MHK VL",61756,1050.2
"03/11/2013 08:25:00","EDT","MILLWD",61759,355.5
"03/11/2013 08:25:00","EDT","N.Y.C.",61761,6054.7
"03/11/2013 08:25:00","EDT","NORTH",61755,797.5
"03/11/2013 08:25:00","EDT","WEST",61752,1854.6
"03/11/2013 08:30:00","EDT","CAPITL",61757,1435.4
"03/11/2013 08:30:00","EDT","CENTRL",61754,1993.1
"03/11/2013 08:30:00","EDT","DUNWOD",61760,707.8
"03/11/2013 08:30:00","EDT","GENESE",61753,1163.4
"03/11/2013 08:30:00","EDT","HUD VL",61758,1110.6
"03/11/2013 08:30:00","EDT","LONGIL",61762,2453.6
"03/11/2013 08:30:00","EDT","MHK VL",61756,1053.2
"03/11/2013 08:30:00","EDT","MILLWD",61759,362.1
"03/11/2013 08:30:00","EDT","N.Y.C.",61761,6082.1
"03/11/2013 08:30:00","EDT","NORTH",61755,790.3
"03/11/2013 08:30:00","EDT","WEST",61752,1860.2
"03/11/2013 08:35:00","EDT","CAPITL",61757,1442.3
"03/11/2013 08:35:00","EDT","CENTRL",61754,2020.3
"03/11/2013 08:35:00","EDT","DUNWOD",61760,709.1
"03/11/2013 08:35:00","EDT","GENESE",61753,1162.8
"03/11/2013 08:35:00","EDT","HUD VL",61758,1109.9
"03/11/2013 08:35:00","EDT","LONGIL",61762,2447.4
"03/11/2013 08:35:00","EDT","MHK VL",61756,1055.3
"03/11/2013 08:35:00","EDT","MILLWD",61759,375.1
"03/11/2013 08:35:00","EDT","N.Y.C.",61761,6065.1
"03/11/2013 08:35:00","EDT","NORTH",61755,783
"03/11/2013 08:35:00","EDT","WEST",61752,1872
"03/11/2013 08:40:00","EDT","CAPITL",61757,1438.6
"03/11/2013 08:40:00","EDT","CENTRL",61754,2036.9
"03/11/2013 08:40:00","EDT","DUNWOD",61760,704.7
"03/11/2013 08:40:00","EDT","GENESE",61753,1164.2
"03/11/2013 08:40:00","EDT","HUD VL",61758,1113.8
"03/11/2013 08:40:00","EDT","LONGIL",61762,2461.4
"03/11/2013 08:40:00","EDT","MHK VL",61756,1054.6
"03/11/2013 08:40:00","EDT","MILLWD",61759,349.7
"03/11/2013 08:40:00","EDT","N.Y.C.",61761,6135.4
"03/11/2013 08:40:00","EDT","NORTH",61755,789.3
"03/11/2013 08:40:00","EDT","WEST",61752,1858.4
"03/11/2013 08:45:00","EDT","CAPITL",61757,1444.7
"03/11/2013 08:45:00","EDT","CENTRL",61754,2027.5
"03/11/2013 08:45:00","EDT","DUNWOD",61760,700.8
"03/11/2013 08:45:00","EDT","GENESE",61753,1160.8
"03/11/2013 08:45:00","EDT","HUD VL",61758,1115.8
"03/11/2013 08:45:00","EDT","LONGIL",61762,2450.4
"03/11/2013 08:45:00","EDT","MHK VL",61756,1050.4
"03/11/2013 08:45:00","EDT","MILLWD",61759,354.4
"03/11/2013 08:45:00","EDT","N.Y.C.",61761,6122.5
"03/11/2013 08:45:00","EDT","NORTH",61755,794.1
"03/11/2013 08:45:00","EDT","WEST",61752,1864.6
"03/11/2013 08:50:00","EDT","CAPITL",61757,1444.5
"03/11/2013 08:50:00","EDT","CENTRL",61754,2032.5
"03/11/2013 08:50:00","EDT","DUNWOD",61760,719.1
"03/11/2013 08:50:00","EDT","GENESE",61753,1165.3
"03/11/2013 08:50:00","EDT","HUD VL",61758,1112
"03/11/2013 08:50:00","EDT","LONGIL",61762,2443.5
"03/11/2013 08:50:00","EDT","MHK VL",61756,1045.5
"03/11/2013 08:50:00","EDT","MILLWD",61759,346.2
"03/11/2013 08:50:00","EDT","N.Y.C.",61761,6194.6
"03/11/2013 08:50:00","EDT","NORTH",61755,795.7
"03/11/2013 08:50:00","EDT","WEST",61752,1857.2
"03/11/2013 08:55:00","EDT","CAPITL",61757,1448.9
"03/11/2013 08:55:00","EDT","CENTRL",61754,2040.5
"03/11/2013 08:55:00","EDT","DUNWOD",61760,708.1
"03/11/2013 08:55:00","EDT","GENESE",61753,1168.3
"03/11/2013 08:55:00","EDT","HUD VL",61758,1097.5
"03/11/2013 08:55:00","EDT","LONGIL",61762,2447.9
"03/11/2013 08:55:00","EDT","MHK VL",61756,1050.9
"03/11/2013 08:55:00","EDT","MILLWD",61759,353.4
"03/11/2013 08:55:00","EDT","N.Y.C.",61761,6179.8
"03/11/2013 08:55:00","EDT","NORTH",61755,795.9
"03/11/2013 08:55:00","EDT","WEST",61752,1874.5
"03/11/2013 09:00:00","EDT","CAPITL",61757,1445
"03/11/2013 09:00:00","EDT","CENTRL",61754,1976.6
"03/11/2013 09:00:00","EDT","DUNWOD",61760,711
"03/11/2013 09:00:00","EDT","GENESE",61753,1172.1
"03/11/2013 09:00:00","EDT","HUD VL",61758,1126.6
"03/11/2013 09:00:00","EDT","LONGIL",61762,2464
"03/11/2013 09:00:00","EDT","MHK VL",61756,1052.1
"03/11/2013 09:00:00","EDT","MILLWD",61759,350.3
"03/11/2013 09:00:00","EDT","N.Y.C.",61761,6196
"03/11/2013 09:00:00","EDT","NORTH",61755,789.8
"03/11/2013 09:00:00","EDT","WEST",61752,1877.7
"03/11/2013 09:05:00","EDT","CAPITL",61757,1451.6
"03/11/2013 09:05:00","EDT","CENTRL",61754,1987.7
"03/11/2013 09:05:00","EDT","DUNWOD",61760,718.6
"03/11/2013 09:05:00","EDT","GENESE",61753,1163.6
"03/11/2013 09:05:00","EDT","HUD VL",61758,1123.8
"03/11/2013 09:05:00","EDT","LONGIL",61762,2453.4
"03/11/2013 09:05:00","EDT","MHK VL",61756,1071.9
"03/11/2013 09:05:00","EDT","MILLWD",61759,357.2
"03/11/2013 09:05:00","EDT","N.Y.C.",61761,6231.2
"03/11/2013 09:05:00","EDT","NORTH",61755,779.3
"03/11/2013 09:05:00","EDT","WEST",61752,1868.7
"03/11/2013 09:10:00","EDT","CAPITL",61757,1452.2
"03/11/2013 09:10:00","EDT","CENTRL",61754,1988.7
"03/11/2013 09:10:00","EDT","DUNWOD",61760,712.7
"03/11/2013 09:10:00","EDT","GENESE",61753,1170.3
"03/11/2013 09:10:00","EDT","HUD VL",61758,1120.6
"03/11/2013 09:10:00","EDT","LONGIL",61762,2459.7
"03/11/2013 09:10:00","EDT","MHK VL",61756,1060.7
"03/11/2013 09:10:00","EDT","MILLWD",61759,364.4
"03/11/2013 09:10:00","EDT","N.Y.C.",61761,6271
"03/11/2013 09:10:00","EDT","NORTH",61755,794.6
"03/11/2013 09:10:00","EDT","WEST",61752,1876.5
"03/11/2013 09:15:00","EDT","CAPITL",61757,1448.8
"03/11/2013 09:15:00","EDT","CENTRL",61754,2018.4
"03/11/2013 09:15:00","EDT","DUNWOD",61760,724.6
"03/11/2013 09:15:00","EDT","GENESE",61753,1173.4
"03/11/2013 09:15:00","EDT","HUD VL",61758,1110.4
"03/11/2013 09:15:00","EDT","LONGIL",61762,2454.5
"03/11/2013 09:15:00","EDT","MHK VL",61756,1064.4
"03/11/2013 09:15:00","EDT","MILLWD",61759,383.3
"03/11/2013 09:15:00","EDT","N.Y.C.",61761,6298.3
"03/11/2013 09:15:00","EDT","NORTH",61755,801.8
"03/11/2013 09:15:00","EDT","WEST",61752,1866.8
"03/11/2013 09:20:00","EDT","CAPITL",61757,1451.5
"03/11/2013 09:20:00","EDT","CENTRL",61754,2032.2
"03/11/2013 09:20:00","EDT","DUNWOD",61760,723.1
"03/11/2013 09:20:00","EDT","GENESE",61753,1167.5
"03/11/2013 09:20:00","EDT","HUD VL",61758,1110.6
"03/11/2013 09:20:00","EDT","LONGIL",61762,2495.3
"03/11/2013 09:20:00","EDT","MHK VL",61756,1060.8
"03/11/2013 09:20:00","EDT","MILLWD",61759,355.9
"03/11/2013 09:20:00","EDT","N.Y.C.",61761,6331.5
"03/11/2013 09:20:00","EDT","NORTH",61755,796.3
"03/11/2013 09:20:00","EDT","WEST",61752,1859.7
"03/11/2013 09:25:00","EDT","CAPITL",61757,1453.7
"03/11/2013 09:25:00","EDT","CENTRL",61754,2034.9
"03/11/2013 09:25:00","EDT","DUNWOD",61760,734.1
"03/11/2013 09:25:00","EDT","GENESE",61753,1173.4
"03/11/2013 09:25:00","EDT","HUD VL",61758,1120.6
"03/11/2013 09:25:00","EDT","LONGIL",61762,2478.8
"03/11/2013 09:25:00","EDT","MHK VL",61756,1073.8
"03/11/2013 09:25:00","EDT","MILLWD",61759,372.6
"03/11/2013 09:25:00","EDT","N.Y.C.",61761,6282.1
"03/11/2013 09:25:00","EDT","NORTH",61755,792.6
"03/11/2013 09:25:00","EDT","WEST",61752,1866.6
"03/11/2013 09:30:00","EDT","CAPITL",61757,1444
"03/11/2013 09:30:00","EDT","CENTRL",61754,2038.3
"03/11/2013 09:30:00","EDT","DUNWOD",61760,739.5
"03/11/2013 09:30:00","EDT","GENESE",61753,1169
"03/11/2013 09:30:00","EDT","HUD VL",61758,1132
"03/11/2013 09:30:00","EDT","LONGIL",61762,2489.6
"03/11/2013 09:30:00","EDT","MHK VL",61756,1066.4
"03/11/2013 09:30:00","EDT","MILLWD",61759,361.5
"03/11/2013 09:30:00","EDT","N.Y.C.",61761,6319
"03/11/2013 09:30:00","EDT","NORTH",61755,795.1
"03/11/2013 09:30:00","EDT","WEST",61752,1886.8
"03/11/2013 09:35:00","EDT","CAPITL",61757,1444.3
"03/11/2013 09:35:00","EDT","CENTRL",61754,2036
"03/11/2013 09:35:00","EDT","DUNWOD",61760,730.5
"03/11/2013 09:35:00","EDT","GENESE",61753,1181.6
"03/11/2013 09:35:00","EDT","HUD VL",61758,1107.7
"03/11/2013 09:35:00","EDT","LONGIL",61762,2496.4
"03/11/2013 09:35:00","EDT","MHK VL",61756,1068.4
"03/11/2013 09:35:00","EDT","MILLWD",61759,374.5
"03/11/2013 09:35:00","EDT","N.Y.C.",61761,6369.5
"03/11/2013 09:35:00","EDT","NORTH",61755,790
"03/11/2013 09:35:00","EDT","WEST",61752,1888.5
"03/11/2013 09:40:00","EDT","CAPITL",61757,1451
"03/11/2013 09:40:00","EDT","CENTRL",61754,2051.3
"03/11/2013 09:40:00","EDT","DUNWOD",61760,741.5
"03/11/2013 09:40:00","EDT","GENESE",61753,1177.3
"03/11/2013 09:40:00","EDT","HUD VL",61758,1129.4
"03/11/2013 09:40:00","EDT","LONGIL",61762,2495.3
"03/11/2013 09:40:00","EDT","MHK VL",61756,1079.7
"03/11/2013 09:40:00","EDT","MILLWD",61759,366.9
"03/11/2013 09:40:00","EDT","N.Y.C.",61761,6343.6
"03/11/2013 09:40:00","EDT","NORTH",61755,782.6
"03/11/2013 09:40:00","EDT","WEST",61752,1885.5
"03/11/2013 09:45:00","EDT","CAPITL",61757,1438.7
"03/11/2013 09:45:00","EDT","CENTRL",61754,2062.4
"03/11/2013 09:45:00","EDT","DUNWOD",61760,731.4
"03/11/2013 09:45:00","EDT","GENESE",61753,1173.1
"03/11/2013 09:45:00","EDT","HUD VL",61758,1139.2
"03/11/2013 09:45:00","EDT","LONGIL",61762,2479.6
"03/11/2013 09:45:00","EDT","MHK VL",61756,1073.2
"03/11/2013 09:45:00","EDT","MILLWD",61759,357.6
"03/11/2013 09:45:00","EDT","N.Y.C.",61761,6390.3
"03/11/2013 09:45:00","EDT","NORTH",61755,783.8
"03/11/2013 09:45:00","EDT","WEST",61752,1887
"03/11/2013 09:50:00","EDT","CAPITL",61757,1438.3
"03/11/2013 09:50:00","EDT","CENTRL",61754,2062.2
"03/11/2013 09:50:00","EDT","DUNWOD",61760,735.5
"03/11/2013 09:50:00","EDT","GENESE",61753,1179.9
"03/11/2013 09:50:00","EDT","HUD VL",61758,1122.7
"03/11/2013 09:50:00","EDT","LONGIL",61762,2501.4
"03/11/2013 09:50:00","EDT","MHK VL",61756,1064.2
"03/11/2013 09:50:00","EDT","MILLWD",61759,374.4
"03/11/2013 09:50:00","EDT","N.Y.C.",61761,6376.1
"03/11/2013 09:50:00","EDT","NORTH",61755,787.1
"03/11/2013 09:50:00","EDT","WEST",61752,1878.5
"03/11/2013 09:55:00","EDT","CAPITL",61757,1454.7
"03/11/2013 09:55:00","EDT","CENTRL",61754,2013.3
"03/11/2013 09:55:00","EDT","DUNWOD",61760,735.7
"03/11/2013 09:55:00","EDT","GENESE",61753,1185.7
"03/11/2013 09:55:00","EDT","HUD VL",61758,1128.7
"03/11/2013 09:55:00","EDT","LONGIL",61762,2507.8
"03/11/2013 09:55:00","EDT","MHK VL",61756,1066.3
"03/11/2013 09:55:00","EDT","MILLWD",61759,354.5
"03/11/2013 09:55:00","EDT","N.Y.C.",61761,6394.5
"03/11/2013 09:55:00","EDT","NORTH",61755,795.8
"03/11/2013 09:55:00","EDT","WEST",61752,1882.5
"03/11/2013 10:00:00","EDT","CAPITL",61757,1450.8
"03/11/2013 10:00:00","EDT","CENTRL",61754,2013.5
"03/11/2013 10:00:00","EDT","DUNWOD",61760,731.2
"03/11/2013 10:00:00","EDT","GENESE",61753,1182.3
"03/11/2013 10:00:00","EDT","HUD VL",61758,1129.3
"03/11/2013 10:00:00","EDT","LONGIL",61762,2500.2
"03/11/2013 10:00:00","EDT","MHK VL",61756,1071.9
"03/11/2013 10:00:00","EDT","MILLWD",61759,351.3
"03/11/2013 10:00:00","EDT","N.Y.C.",61761,6383.5
"03/11/2013 10:00:00","EDT","NORTH",61755,783.8
"03/11/2013 10:00:00","EDT","WEST",61752,1894.9
"03/11/2013 10:05:00","EDT","CAPITL",61757,1443.9
"03/11/2013 10:05:00","EDT","CENTRL",61754,2039.6
"03/11/2013 10:05:00","EDT","DUNWOD",61760,738.8
"03/11/2013 10:05:00","EDT","GENESE",61753,1185.9
"03/11/2013 10:05:00","EDT","HUD VL",61758,1134.8
"03/11/2013 10:05:00","EDT","LONGIL",61762,2505.4
"03/11/2013 10:05:00","EDT","MHK VL",61756,1074.9
"03/11/2013 10:05:00","EDT","MILLWD",61759,358
"03/11/2013 10:05:00","EDT","N.Y.C.",61761,6404.4
"03/11/2013 10:05:00","EDT","NORTH",61755,779.7
"03/11/2013 10:05:00","EDT","WEST",61752,1890.1
"03/11/2013 10:10:00","EDT","CAPITL",61757,1444.5
"03/11/2013 10:10:00","EDT","CENTRL",61754,2069.2
"03/11/2013 10:10:00","EDT","DUNWOD",61760,732.3
"03/11/2013 10:10:00","EDT","GENESE",61753,1180.4
"03/11/2013 10:10:00","EDT","HUD VL",61758,1127
"03/11/2013 10:10:00","EDT","LONGIL",61762,2513.6
"03/11/2013 10:10:00","EDT","MHK VL",61756,1076.5
"03/11/2013 10:10:00","EDT","MILLWD",61759,363.7
"03/11/2013 10:10:00","EDT","N.Y.C.",61761,6427.4
"03/11/2013 10:10:00","EDT","NORTH",61755,787.9
"03/11/2013 10:10:00","EDT","WEST",61752,1891.5
"03/11/2013 10:15:00","EDT","CAPITL",61757,1448.9
"03/11/2013 10:15:00","EDT","CENTRL",61754,2065.5
"03/11/2013 10:15:00","EDT","DUNWOD",61760,740.2
"03/11/2013 10:15:00","EDT","GENESE",61753,1191.4
"03/11/2013 10:15:00","EDT","HUD VL",61758,1129.1
"03/11/2013 10:15:00","EDT","LONGIL",61762,2507.6
"03/11/2013 10:15:00","EDT","MHK VL",61756,1081.4
"03/11/2013 10:15:00","EDT","MILLWD",61759,354.9
"03/11/2013 10:15:00","EDT","N.Y.C.",61761,6443.3
"03/11/2013 10:15:00","EDT","NORTH",61755,776.6
"03/11/2013 10:15:00","EDT","WEST",61752,1906
"03/11/2013 10:20:00","EDT","CAPITL",61757,1452.3
"03/11/2013 10:20:00","EDT","CENTRL",61754,2039.3
"03/11/2013 10:20:00","EDT","DUNWOD",61760,727.4
"03/11/2013 10:20:00","EDT","GENESE",61753,1193.3
"03/11/2013 10:20:00","EDT","HUD VL",61758,1164.8
"03/11/2013 10:20:00","EDT","LONGIL",61762,2524.2
"03/11/2013 10:20:00","EDT","MHK VL",61756,1081
"03/11/2013 10:20:00","EDT","MILLWD",61759,349.1
"03/11/2013 10:20:00","EDT","N.Y.C.",61761,6443.7
"03/11/2013 10:20:00","EDT","NORTH",61755,779.8
"03/11/2013 10:20:00","EDT","WEST",61752,1920.5
"03/11/2013 10:25:00","EDT","CAPITL",61757,1451
"03/11/2013 10:25:00","EDT","CENTRL",61754,2047.1
"03/11/2013 10:25:00","EDT","DUNWOD",61760,732.4
"03/11/2013 10:25:00","EDT","GENESE",61753,1192.3
"03/11/2013 10:25:00","EDT","HUD VL",61758,1146.2
"03/11/2013 10:25:00","EDT","LONGIL",61762,2505.1
"03/11/2013 10:25:00","EDT","MHK VL",61756,1071.7
"03/11/2013 10:25:00","EDT","MILLWD",61759,345.5
"03/11/2013 10:25:00","EDT","N.Y.C.",61761,6471
"03/11/2013 10:25:00","EDT","NORTH",61755,793.7
"03/11/2013 10:25:00","EDT","WEST",61752,1895.6
"03/11/2013 10:30:00","EDT","CAPITL",61757,1449.5
"03/11/2013 10:30:00","EDT","CENTRL",61754,2069.8
"03/11/2013 10:30:00","EDT","DUNWOD",61760,721
"03/11/2013 10:30:00","EDT","GENESE",61753,1191.6
"03/11/2013 10:30:00","EDT","HUD VL",61758,1121.7
"03/11/2013 10:30:00","EDT","LONGIL",61762,2523.8
"03/11/2013 10:30:00","EDT","MHK VL",61756,1067.7
"03/11/2013 10:30:00","EDT","MILLWD",61759,357.7
"03/11/2013 10:30:00","EDT","N.Y.C.",61761,6443.9
"03/11/2013 10:30:00","EDT","NORTH",61755,791.3
"03/11/2013 10:30:00","EDT","WEST",61752,1902.4
"03/11/2013 10:35:00","EDT","CAPITL",61757,1454.5
"03/11/2013 10:35:00","EDT","CENTRL",61754,2057.7
"03/11/2013 10:35:00","EDT","DUNWOD",61760,733
"03/11/2013 10:35:00","EDT","GENESE",61753,1192.2
"03/11/2013 10:35:00","EDT","HUD VL",61758,1148
"03/11/2013 10:35:00","EDT","LONGIL",61762,2514.3
"03/11/2013 10:35:00","EDT","MHK VL",61756,1070.3
"03/11/2013 10:35:00","EDT","MILLWD",61759,347.8
"03/11/2013 10:35:00","EDT","N.Y.C.",61761,6450.4
"03/11/2013 10:35:00","EDT","NORTH",61755,789.7
"03/11/2013 10:35:00","EDT","WEST",61752,1920.3
"03/11/2013 10:40:00","EDT","CAPITL",61757,1447.3
"03/11/2013 10:40:00","EDT","CENTRL",61754,2064.6
"03/11/2013 10:40:00","EDT","DUNWOD",61760,730.2
"03/11/2013 10:40:00","EDT","GENESE",61753,1202.9
"03/11/2013 10:40:00","EDT","HUD VL",61758,1137.3
"03/11/2013 10:40:00","EDT","LONGIL",61762,2504.3
"03/11/2013 10:40:00","EDT","MHK VL",61756,1075.9
"03/11/2013 10:40:00","EDT","MILLWD",61759,345
"03/11/2013 10:40:00","EDT","N.Y.C.",61761,6473
"03/11/2013 10:40:00","EDT","NORTH",61755,788.1
"03/11/2013 10:40:00","EDT","WEST",61752,1915.5
"03/11/2013 10:45:00","EDT","CAPITL",61757,1455
"03/11/2013 10:45:00","EDT","CENTRL",61754,2020.2
"03/11/2013 10:45:00","EDT","DUNWOD",61760,724.9
"03/11/2013 10:45:00","EDT","GENESE",61753,1201
"03/11/2013 10:45:00","EDT","HUD VL",61758,1134
"03/11/2013 10:45:00","EDT","LONGIL",61762,2522.4
"03/11/2013 10:45:00","EDT","MHK VL",61756,1065.2
"03/11/2013 10:45:00","EDT","MILLWD",61759,360.8
"03/11/2013 10:45:00","EDT","N.Y.C.",61761,6456.8
"03/11/2013 10:45:00","EDT","NORTH",61755,793.6
"03/11/2013 10:45:00","EDT","WEST",61752,1909.4
"03/11/2013 10:50:00","EDT","CAPITL",61757,1448.7
"03/11/2013 10:50:00","EDT","CENTRL",61754,2042.8
"03/11/2013 10:50:00","EDT","DUNWOD",61760,736.2
"03/11/2013 10:50:00","EDT","GENESE",61753,1193.1
"03/11/2013 10:50:00","EDT","HUD VL",61758,1147.4
"03/11/2013 10:50:00","EDT","LONGIL",61762,2497
"03/11/2013 10:50:00","EDT","MHK VL",61756,1055.6
"03/11/2013 10:50:00","EDT","MILLWD",61759,350.4
"03/11/2013 10:50:00","EDT","N.Y.C.",61761,6469.7
"03/11/2013 10:50:00","EDT","NORTH",61755,785.2
"03/11/2013 10:50:00","EDT","WEST",61752,1911.4
"03/11/2013 10:55:00","EDT","CAPITL",61757,1443.8
"03/11/2013 10:55:00","EDT","CENTRL",61754,2035.8
"03/11/2013 10:55:00","EDT","DUNWOD",61760,716.3
"03/11/2013 10:55:00","EDT","GENESE",61753,1196.3
"03/11/2013 10:55:00","EDT","HUD VL",61758,1145.6
"03/11/2013 10:55:00","EDT","LONGIL",61762,2529.7
"03/11/2013 10:55:00","EDT","MHK VL",61756,1068.7
"03/11/2013 10:55:00","EDT","MILLWD",61759,346.7
"03/11/2013 10:55:00","EDT","N.Y.C.",61761,6470.4
"03/11/2013 10:55:00","EDT","NORTH",61755,780.8
"03/11/2013 10:55:00","EDT","WEST",61752,1913.3
"03/11/2013 11:00:00","EDT","CAPITL",61757,1453
"03/11/2013 11:00:00","EDT","CENTRL",61754,2061
"03/11/2013 11:00:00","EDT","DUNWOD",61760,728.2
"03/11/2013 11:00:00","EDT","GENESE",61753,1200.5
"03/11/2013 11:00:00","EDT","HUD VL",61758,1119.9
"03/11/2013 11:00:00","EDT","LONGIL",61762,2508.1
"03/11/2013 11:00:00","EDT","MHK VL",61756,1058.9
"03/11/2013 11:00:00","EDT","MILLWD",61759,358
"03/11/2013 11:00:00","EDT","N.Y.C.",61761,6452.5
"03/11/2013 11:00:00","EDT","NORTH",61755,795.4
"03/11/2013 11:00:00","EDT","WEST",61752,1911.1
"03/11/2013 11:05:00","EDT","CAPITL",61757,1451
"03/11/2013 11:05:00","EDT","CENTRL",61754,2058.7
"03/11/2013 11:05:00","EDT","DUNWOD",61760,719.7
"03/11/2013 11:05:00","EDT","GENESE",61753,1201.6
"03/11/2013 11:05:00","EDT","HUD VL",61758,1123
"03/11/2013 11:05:00","EDT","LONGIL",61762,2495.5
"03/11/2013 11:05:00","EDT","MHK VL",61756,1057.9
"03/11/2013 11:05:00","EDT","MILLWD",61759,354.9
"03/11/2013 11:05:00","EDT","N.Y.C.",61761,6464.2
"03/11/2013 11:05:00","EDT","NORTH",61755,795
"03/11/2013 11:05:00","EDT","WEST",61752,1908
"03/11/2013 11:10:00","EDT","CAPITL",61757,1453.3
"03/11/2013 11:10:00","EDT","CENTRL",61754,2057.2
"03/11/2013 11:10:00","EDT","DUNWOD",61760,719.6
"03/11/2013 11:10:00","EDT","GENESE",61753,1197.7
"03/11/2013 11:10:00","EDT","HUD VL",61758,1140
"03/11/2013 11:10:00","EDT","LONGIL",61762,2499.7
"03/11/2013 11:10:00","EDT","MHK VL",61756,1063.3
"03/11/2013 11:10:00","EDT","MILLWD",61759,354
"03/11/2013 11:10:00","EDT","N.Y.C.",61761,6433
"03/11/2013 11:10:00","EDT","NORTH",61755,789.4
"03/11/2013 11:10:00","EDT","WEST",61752,1912.5
"03/11/2013 11:15:00","EDT","CAPITL",61757,1457.3
"03/11/2013 11:15:00","EDT","CENTRL",61754,2039.1
"03/11/2013 11:15:00","EDT","DUNWOD",61760,735.7
"03/11/2013 11:15:00","EDT","GENESE",61753,1195.7
"03/11/2013 11:15:00","EDT","HUD VL",61758,1139.3
"03/11/2013 11:15:00","EDT","LONGIL",61762,2502.7
"03/11/2013 11:15:00","EDT","MHK VL",61756,1066.3
"03/11/2013 11:15:00","EDT","MILLWD",61759,343.7
"03/11/2013 11:15:00","EDT","N.Y.C.",61761,6470.9
"03/11/2013 11:15:00","EDT","NORTH",61755,784.2
"03/11/2013 11:15:00","EDT","WEST",61752,1924
"03/11/2013 11:20:00","EDT","CAPITL",61757,1455
"03/11/2013 11:20:00","EDT","CENTRL",61754,2056.5
"03/11/2013 11:20:00","EDT","DUNWOD",61760,729.5
"03/11/2013 11:20:00","EDT","GENESE",61753,1200.7
"03/11/2013 11:20:00","EDT","HUD VL",61758,1107.1
"03/11/2013 11:20:00","EDT","LONGIL",61762,2503.8
"03/11/2013 11:20:00","EDT","MHK VL",61756,1063.2
"03/11/2013 11:20:00","EDT","MILLWD",61759,370.7
"03/11/2013 11:20:00","EDT","N.Y.C.",61761,6456.6
"03/11/2013 11:20:00","EDT","NORTH",61755,793
"03/11/2013 11:20:00","EDT","WEST",61752,1909.6
"03/11/2013 11:25:00","EDT","CAPITL",61757,1448.6
"03/11/2013 11:25:00","EDT","CENTRL",61754,2047.9
"03/11/2013 11:25:00","EDT","DUNWOD",61760,719.8
"03/11/2013 11:25:00","EDT","GENESE",61753,1198.1
"03/11/2013 11:25:00","EDT","HUD VL",61758,1124.2
"03/11/2013 11:25:00","EDT","LONGIL",61762,2504.7
"03/11/2013 11:25:00","EDT","MHK VL",61756,1066.7
"03/11/2013 11:25:00","EDT","MILLWD",61759,361.4
"03/11/2013 11:25:00","EDT","N.Y.C.",61761,6442.8
"03/11/2013 11:25:00","EDT","NORTH",61755,791.7
"03/11/2013 11:25:00","EDT","WEST",61752,1912.3
"03/11/2013 11:30:00","EDT","CAPITL",61757,1461.5
"03/11/2013 11:30:00","EDT","CENTRL",61754,2060.6
"03/11/2013 11:30:00","EDT","DUNWOD",61760,721.6
"03/11/2013 11:30:00","EDT","GENESE",61753,1198.5
"03/11/2013 11:30:00","EDT","HUD VL",61758,1127.4
"03/11/2013 11:30:00","EDT","LONGIL",61762,2479.6
"03/11/2013 11:30:00","EDT","MHK VL",61756,1064
"03/11/2013 11:30:00","EDT","MILLWD",61759,355.9
"03/11/2013 11:30:00","EDT","N.Y.C.",61761,6470.6
"03/11/2013 11:30:00","EDT","NORTH",61755,781.4
"03/11/2013 11:30:00","EDT","WEST",61752,1919.1
"03/11/2013 11:35:00","EDT","CAPITL",61757,1452.1
"03/11/2013 11:35:00","EDT","CENTRL",61754,2073.1
"03/11/2013 11:35:00","EDT","DUNWOD",61760,720.3
"03/11/2013 11:35:00","EDT","GENESE",61753,1204.2
"03/11/2013 11:35:00","EDT","HUD VL",61758,1116.1
"03/11/2013 11:35:00","EDT","LONGIL",61762,2481.3
"03/11/2013 11:35:00","EDT","MHK VL",61756,1056.1
"03/11/2013 11:35:00","EDT","MILLWD",61759,369.1
"03/11/2013 11:35:00","EDT","N.Y.C.",61761,6455.6
"03/11/2013 11:35:00","EDT","NORTH",61755,786.9
"03/11/2013 11:35:00","EDT","WEST",61752,1909.8
"03/11/2013 11:40:00","EDT","CAPITL",61757,1458.9
"03/11/2013 11:40:00","EDT","CENTRL",61754,2020.1
"03/11/2013 11:40:00","EDT","DUNWOD",61760,727.6
"03/11/2013 11:40:00","EDT","GENESE",61753,1202.6
"03/11/2013 11:40:00","EDT","HUD VL",61758,1108
"03/11/2013 11:40:00","EDT","LONGIL",61762,2470.6
"03/11/2013 11:40:00","EDT","MHK VL",61756,1064.3
"03/11/2013 11:40:00","EDT","MILLWD",61759,362.7
"03/11/2013 11:40:00","EDT","N.Y.C.",61761,6469
"03/11/2013 11:40:00","EDT","NORTH",61755,784.8
"03/11/2013 11:40:00","EDT","WEST",61752,1926.9
"03/11/2013 11:45:00","EDT","CAPITL",61757,1449.2
"03/11/2013 11:45:00","EDT","CENTRL",61754,2025.7
"03/11/2013 11:45:00","EDT","DUNWOD",61760,717.3
"03/11/2013 11:45:00","EDT","GENESE",61753,1202.5
"03/11/2013 11:45:00","EDT","HUD VL",61758,1132.4
"03/11/2013 11:45:00","EDT","LONGIL",61762,2462.7
"03/11/2013 11:45:00","EDT","MHK VL",61756,1059.3
"03/11/2013 11:45:00","EDT","MILLWD",61759,359.2
"03/11/2013 11:45:00","EDT","N.Y.C.",61761,6457
"03/11/2013 11:45:00","EDT","NORTH",61755,788.1
"03/11/2013 11:45:00","EDT","WEST",61752,1914.2
"03/11/2013 11:50:00","EDT","CAPITL",61757,1459.9
"03/11/2013 11:50:00","EDT","CENTRL",61754,2002.5
"03/11/2013 11:50:00","EDT","DUNWOD",61760,718.1
"03/11/2013 11:50:00","EDT","GENESE",61753,1196.2
"03/11/2013 11:50:00","EDT","HUD VL",61758,1120.7
"03/11/2013 11:50:00","EDT","LONGIL",61762,2460.7
"03/11/2013 11:50:00","EDT","MHK VL",61756,1054.8
"03/11/2013 11:50:00","EDT","MILLWD",61759,356.7
"03/11/2013 11:50:00","EDT","N.Y.C.",61761,6445.6
"03/11/2013 11:50:00","EDT","NORTH",61755,792.8
"03/11/2013 11:50:00","EDT","WEST",61752,1921.8
"03/11/2013 11:55:00","EDT","CAPITL",61757,1454.9
"03/11/2013 11:55:00","EDT","CENTRL",61754,2050.4
"03/11/2013 11:55:00","EDT","DUNWOD",61760,726.1
"03/11/2013 11:55:00","EDT","GENESE",61753,1197.7
"03/11/2013 11:55:00","EDT","HUD VL",61758,1138.7
"03/11/2013 11:55:00","EDT","LONGIL",61762,2456.1
"03/11/2013 11:55:00","EDT","MHK VL",61756,1059.8
"03/11/2013 11:55:00","EDT","MILLWD",61759,347.1
"03/11/2013 11:55:00","EDT","N.Y.C.",61761,6481.7
"03/11/2013 11:55:00","EDT","NORTH",61755,784
"03/11/2013 11:55:00","EDT","WEST",61752,1930.6
"03/11/2013 12:00:00","EDT","CAPITL",61757,1451.6
"03/11/2013 12:00:00","EDT","CENTRL",61754,2052.5
"03/11/2013 12:00:00","EDT","DUNWOD",61760,718.7
"03/11/2013 12:00:00","EDT","GENESE",61753,1196.5
"03/11/2013 12:00:00","EDT","HUD VL",61758,1122.1
"03/11/2013 12:00:00","EDT","LONGIL",61762,2463.4
"03/11/2013 12:00:00","EDT","MHK VL",61756,1061.4
"03/11/2013 12:00:00","EDT","MILLWD",61759,357.3
"03/11/2013 12:00:00","EDT","N.Y.C.",61761,6457.3
"03/11/2013 12:00:00","EDT","NORTH",61755,783.2
"03/11/2013 12:00:00","EDT","WEST",61752,1898.9
"03/11/2013 12:05:00","EDT","CAPITL",61757,1453.3
"03/11/2013 12:05:00","EDT","CENTRL",61754,2043.2
"03/11/2013 12:05:00","EDT","DUNWOD",61760,721.4
"03/11/2013 12:05:00","EDT","GENESE",61753,1193.8
"03/11/2013 12:05:00","EDT","HUD VL",61758,1119.5
"03/11/2013 12:05:00","EDT","LONGIL",61762,2447.9
"03/11/2013 12:05:00","EDT","MHK VL",61756,1051.5
"03/11/2013 12:05:00","EDT","MILLWD",61759,343.2
"03/11/2013 12:05:00","EDT","N.Y.C.",61761,6440.5
"03/11/2013 12:05:00","EDT","NORTH",61755,787.9
"03/11/2013 12:05:00","EDT","WEST",61752,1888
"03/11/2013 12:10:00","EDT","CAPITL",61757,1453.7
"03/11/2013 12:10:00","EDT","CENTRL",61754,1992.2
"03/11/2013 12:10:00","EDT","DUNWOD",61760,721.2
"03/11/2013 12:10:00","EDT","GENESE",61753,1192.5
"03/11/2013 12:10:00","EDT","HUD VL",61758,1119.7
"03/11/2013 12:10:00","EDT","LONGIL",61762,2462
"03/11/2013 12:10:00","EDT","MHK VL",61756,1044.5
"03/11/2013 12:10:00","EDT","MILLWD",61759,342.7
"03/11/2013 12:10:00","EDT","N.Y.C.",61761,6466.5
"03/11/2013 12:10:00","EDT","NORTH",61755,789.2
"03/11/2013 12:10:00","EDT","WEST",61752,1887.9
"03/11/2013 12:15:00","EDT","CAPITL",61757,1451.6
"03/11/2013 12:15:00","EDT","CENTRL",61754,1990.7
"03/11/2013 12:15:00","EDT","DUNWOD",61760,715
"03/11/2013 12:15:00","EDT","GENESE",61753,1193.4
"03/11/2013 12:15:00","EDT","HUD VL",61758,1113.8
"03/11/2013 12:15:00","EDT","LONGIL",61762,2453.1
"03/11/2013 12:15:00","EDT","MHK VL",61756,1045.1
"03/11/2013 12:15:00","EDT","MILLWD",61759,355.4
"03/11/2013 12:15:00","EDT","N.Y.C.",61761,6468.1
"03/11/2013 12:15:00","EDT","NORTH",61755,794.8
"03/11/2013 12:15:00","EDT","WEST",61752,1885.8
"03/11/2013 12:20:00","EDT","CAPITL",61757,1458.4
"03/11/2013 12:20:00","EDT","CENTRL",61754,2026.9
"03/11/2013 12:20:00","EDT","DUNWOD",61760,708.3
"03/11/2013 12:20:00","EDT","GENESE",61753,1200.8
"03/11/2013 12:20:00","EDT","HUD VL",61758,1108.5
"03/11/2013 12:20:00","EDT","LONGIL",61762,2458.8
"03/11/2013 12:20:00","EDT","MHK VL",61756,1047.5
"03/11/2013 12:20:00","EDT","MILLWD",61759,353.6
"03/11/2013 12:20:00","EDT","N.Y.C.",61761,6450.4
"03/11/2013 12:20:00","EDT","NORTH",61755,787.1
"03/11/2013 12:20:00","EDT","WEST",61752,1872.3
"03/11/2013 12:25:00","EDT","CAPITL",61757,1449.8
"03/11/2013 12:25:00","EDT","CENTRL",61754,2034
"03/11/2013 12:25:00","EDT","DUNWOD",61760,719.4
"03/11/2013 12:25:00","EDT","GENESE",61753,1183.8
"03/11/2013 12:25:00","EDT","HUD VL",61758,1112.3
"03/11/2013 12:25:00","EDT","LONGIL",61762,2452.8
"03/11/2013 12:25:00","EDT","MHK VL",61756,1044.6
"03/11/2013 12:25:00","EDT","MILLWD",61759,339.5
"03/11/2013 12:25:00","EDT","N.Y.C.",61761,6477.4
"03/11/2013 12:25:00","EDT","NORTH",61755,780.1
"03/11/2013 12:25:00","EDT","WEST",61752,1894.6
"03/11/2013 12:30:00","EDT","CAPITL",61757,1460.8
"03/11/2013 12:30:00","EDT","CENTRL",61754,2042.5
"03/11/2013 12:30:00","EDT","DUNWOD",61760,705.3
"03/11/2013 12:30:00","EDT","GENESE",61753,1186.3
"03/11/2013 12:30:00","EDT","HUD VL",61758,1103.8
"03/11/2013 12:30:00","EDT","LONGIL",61762,2439.4
"03/11/2013 12:30:00","EDT","MHK VL",61756,1044.2
"03/11/2013 12:30:00","EDT","MILLWD",61759,350
"03/11/2013 12:30:00","EDT","N.Y.C.",61761,6441.3
"03/11/2013 12:30:00","EDT","NORTH",61755,781.5
"03/11/2013 12:30:00","EDT","WEST",61752,1897.1
"03/11/2013 12:35:00","EDT","CAPITL",61757,1451.3
"03/11/2013 12:35:00","EDT","CENTRL",61754,2033.6
"03/11/2013 12:35:00","EDT","DUNWOD",61760,719
"03/11/2013 12:35:00","EDT","GENESE",61753,1184.1
"03/11/2013 12:35:00","EDT","HUD VL",61758,1111.1
"03/11/2013 12:35:00","EDT","LONGIL",61762,2430.6
"03/11/2013 12:35:00","EDT","MHK VL",61756,1042.5
"03/11/2013 12:35:00","EDT","MILLWD",61759,336.5
"03/11/2013 12:35:00","EDT","N.Y.C.",61761,6416.3
"03/11/2013 12:35:00","EDT","NORTH",61755,775.4
"03/11/2013 12:35:00","EDT","WEST",61752,1891.9
"03/11/2013 12:40:00","EDT","CAPITL",61757,1443.5
"03/11/2013 12:40:00","EDT","CENTRL",61754,2042.8
"03/11/2013 12:40:00","EDT","DUNWOD",61760,716.5
"03/11/2013 12:40:00","EDT","GENESE",61753,1194.1
"03/11/2013 12:40:00","EDT","HUD VL",61758,1107.9
"03/11/2013 12:40:00","EDT","LONGIL",61762,2432.6
"03/11/2013 12:40:00","EDT","MHK VL",61756,1047.5
"03/11/2013 12:40:00","EDT","MILLWD",61759,351.2
"03/11/2013 12:40:00","EDT","N.Y.C.",61761,6444.9
"03/11/2013 12:40:00","EDT","NORTH",61755,777.6
"03/11/2013 12:40:00","EDT","WEST",61752,1894.3
"03/11/2013 12:45:00","EDT","CAPITL",61757,1455.2
"03/11/2013 12:45:00","EDT","CENTRL",61754,1976.9
"03/11/2013 12:45:00","EDT","DUNWOD",61760,718.3
"03/11/2013 12:45:00","EDT","GENESE",61753,1202.4
"03/11/2013 12:45:00","EDT","HUD VL",61758,1109.5
"03/11/2013 12:45:00","EDT","LONGIL",61762,2431.7
"03/11/2013 12:45:00","EDT","MHK VL",61756,1053.8
"03/11/2013 12:45:00","EDT","MILLWD",61759,343.8
"03/11/2013 12:45:00","EDT","N.Y.C.",61761,6414.6
"03/11/2013 12:45:00","EDT","NORTH",61755,783.1
"03/11/2013 12:45:00","EDT","WEST",61752,1891
"03/11/2013 12:50:00","EDT","CAPITL",61757,1452.7
"03/11/2013 12:50:00","EDT","CENTRL",61754,1976.4
"03/11/2013 12:50:00","EDT","DUNWOD",61760,702.6
"03/11/2013 12:50:00","EDT","GENESE",61753,1198
"03/11/2013 12:50:00","EDT","HUD VL",61758,1121
"03/11/2013 12:50:00","EDT","LONGIL",61762,2428.8
"03/11/2013 12:50:00","EDT","MHK VL",61756,1062.2
"03/11/2013 12:50:00","EDT","MILLWD",61759,342.5
"03/11/2013 12:50:00","EDT","N.Y.C.",61761,6414.5
"03/11/2013 12:50:00","EDT","NORTH",61755,776.4
"03/11/2013 12:50:00","EDT","WEST",61752,1892.2
"03/11/2013 12:55:00","EDT","CAPITL",61757,1456.4
"03/11/2013 12:55:00","EDT","CENTRL",61754,1993
"03/11/2013 12:55:00","EDT","DUNWOD",61760,709.4
"03/11/2013 12:55:00","EDT","GENESE",61753,1192
"03/11/2013 12:55:00","EDT","HUD VL",61758,1099.8
"03/11/2013 12:55:00","EDT","LONGIL",61762,2434.1
"03/11/2013 12:55:00","EDT","MHK VL",61756,1047.5
"03/11/2013 12:55:00","EDT","MILLWD",61759,344.2
"03/11/2013 12:55:00","EDT","N.Y.C.",61761,6429.4
"03/11/2013 12:55:00","EDT","NORTH",61755,788.8
"03/11/2013 12:55:00","EDT","WEST",61752,1886.5
"03/11/2013 13:00:00","EDT","CAPITL",61757,1449.2
"03/11/2013 13:00:00","EDT","CENTRL",61754,2001.9
"03/11/2013 13:00:00","EDT","DUNWOD",61760,725.2
"03/11/2013 13:00:00","EDT","GENESE",61753,1192.8
"03/11/2013 13:00:00","EDT","HUD VL",61758,1113.1
"03/11/2013 13:00:00","EDT","LONGIL",61762,2401.3
"03/11/2013 13:00:00","EDT","MHK VL",61756,1051.6
"03/11/2013 13:00:00","EDT","MILLWD",61759,331.9
"03/11/2013 13:00:00","EDT","N.Y.C.",61761,6405.5
"03/11/2013 13:00:00","EDT","NORTH",61755,777
"03/11/2013 13:00:00","EDT","WEST",61752,1878.8
"03/11/2013 13:05:00","EDT","CAPITL",61757,1453.3
"03/11/2013 13:05:00","EDT","CENTRL",61754,1992.5
"03/11/2013 13:05:00","EDT","DUNWOD",61760,705.5
"03/11/2013 13:05:00","EDT","GENESE",61753,1198.3
"03/11/2013 13:05:00","EDT","HUD VL",61758,1127
"03/11/2013 13:05:00","EDT","LONGIL",61762,2419
"03/11/2013 13:05:00","EDT","MHK VL",61756,1045.8
"03/11/2013 13:05:00","EDT","MILLWD",61759,326.2
"03/11/2013 13:05:00","EDT","N.Y.C.",61761,6435.1
"03/11/2013 13:05:00","EDT","NORTH",61755,778.9
"03/11/2013 13:05:00","EDT","WEST",61752,1888.2
"03/11/2013 13:10:00","EDT","CAPITL",61757,1438.7
"03/11/2013 13:10:00","EDT","CENTRL",61754,2016.3
"03/11/2013 13:10:00","EDT","DUNWOD",61760,710.4
"03/11/2013 13:10:00","EDT","GENESE",61753,1193.1
"03/11/2013 13:10:00","EDT","HUD VL",61758,1100.9
"03/11/2013 13:10:00","EDT","LONGIL",61762,2409.7
"03/11/2013 13:10:00","EDT","MHK VL",61756,1046.8
"03/11/2013 13:10:00","EDT","MILLWD",61759,343.9
"03/11/2013 13:10:00","EDT","N.Y.C.",61761,6443.5
"03/11/2013 13:10:00","EDT","NORTH",61755,787.3
"03/11/2013 13:10:00","EDT","WEST",61752,1883.7
"03/11/2013 13:15:00","EDT","CAPITL",61757,1453.2
"03/11/2013 13:15:00","EDT","CENTRL",61754,2009.6
"03/11/2013 13:15:00","EDT","DUNWOD",61760,708.7
"03/11/2013 13:15:00","EDT","GENESE",61753,1184.2
"03/11/2013 13:15:00","EDT","HUD VL",61758,1120.6
"03/11/2013 13:15:00","EDT","LONGIL",61762,2420.3
"03/11/2013 13:15:00","EDT","MHK VL",61756,1036.6
"03/11/2013 13:15:00","EDT","MILLWD",61759,323.9
"03/11/2013 13:15:00","EDT","N.Y.C.",61761,6399.8
"03/11/2013 13:15:00","EDT","NORTH",61755,796.5
"03/11/2013 13:15:00","EDT","WEST",61752,1879.8
"03/11/2013 13:20:00","EDT","CAPITL",61757,1453.4
"03/11/2013 13:20:00","EDT","CENTRL",61754,1986.2
"03/11/2013 13:20:00","EDT","DUNWOD",61760,729.7
"03/11/2013 13:20:00","EDT","GENESE",61753,1194.9
"03/11/2013 13:20:00","EDT","HUD VL",61758,1200.7
"03/11/2013 13:20:00","EDT","LONGIL",61762,2418.8
"03/11/2013 13:20:00","EDT","MHK VL",61756,1041.2
"03/11/2013 13:20:00","EDT","MILLWD",61759,250.4
"03/11/2013 13:20:00","EDT","N.Y.C.",61761,6368.9
"03/11/2013 13:20:00","EDT","NORTH",61755,786.2
"03/11/2013 13:20:00","EDT","WEST",61752,1871.4
"03/11/2013 13:25:00","EDT","CAPITL",61757,1444.7
"03/11/2013 13:25:00","EDT","CENTRL",61754,2004.5
"03/11/2013 13:25:00","EDT","DUNWOD",61760,713.9
"03/11/2013 13:25:00","EDT","GENESE",61753,1191.7
"03/11/2013 13:25:00","EDT","HUD VL",61758,1093.4
"03/11/2013 13:25:00","EDT","LONGIL",61762,2422.6
"03/11/2013 13:25:00","EDT","MHK VL",61756,1039
"03/11/2013 13:25:00","EDT","MILLWD",61759,344.6
"03/11/2013 13:25:00","EDT","N.Y.C.",61761,6424.5
"03/11/2013 13:25:00","EDT","NORTH",61755,781.2
"03/11/2013 13:25:00","EDT","WEST",61752,1877.4
"03/11/2013 13:30:00","EDT","CAPITL",61757,1445
"03/11/2013 13:30:00","EDT","CENTRL",61754,1999.3
"03/11/2013 13:30:00","EDT","DUNWOD",61760,722.1
"03/11/2013 13:30:00","EDT","GENESE",61753,1191.8
"03/11/2013 13:30:00","EDT","HUD VL",61758,1093.4
"03/11/2013 13:30:00","EDT","LONGIL",61762,2415.5
"03/11/2013 13:30:00","EDT","MHK VL",61756,1043.2
"03/11/2013 13:30:00","EDT","MILLWD",61759,349.3
"03/11/2013 13:30:00","EDT","N.Y.C.",61761,6385.6
"03/11/2013 13:30:00","EDT","NORTH",61755,777.7
"03/11/2013 13:30:00","EDT","WEST",61752,1866.3
"03/11/2013 13:35:00","EDT","CAPITL",61757,1446.3
"03/11/2013 13:35:00","EDT","CENTRL",61754,2001.4
"03/11/2013 13:35:00","EDT","DUNWOD",61760,705.1
"03/11/2013 13:35:00","EDT","GENESE",61753,1185.3
"03/11/2013 13:35:00","EDT","HUD VL",61758,1090.1
"03/11/2013 13:35:00","EDT","LONGIL",61762,2415.9
"03/11/2013 13:35:00","EDT","MHK VL",61756,1033.1
"03/11/2013 13:35:00","EDT","MILLWD",61759,332.8
"03/11/2013 13:35:00","EDT","N.Y.C.",61761,6416.1
"03/11/2013 13:35:00","EDT","NORTH",61755,796.2
"03/11/2013 13:35:00","EDT","WEST",61752,1887.8
"03/11/2013 13:40:00","EDT","CAPITL",61757,1447.3
"03/11/2013 13:40:00","EDT","CENTRL",61754,1981.1
"03/11/2013 13:40:00","EDT","DUNWOD",61760,711.7
"03/11/2013 13:40:00","EDT","GENESE",61753,1179.2
"03/11/2013 13:40:00","EDT","HUD VL",61758,1083.8
"03/11/2013 13:40:00","EDT","LONGIL",61762,2400.6
"03/11/2013 13:40:00","EDT","MHK VL",61756,1042.1
"03/11/2013 13:40:00","EDT","MILLWD",61759,344.6
"03/11/2013 13:40:00","EDT","N.Y.C.",61761,6419.4
"03/11/2013 13:40:00","EDT","NORTH",61755,790.3
"03/11/2013 13:40:00","EDT","WEST",61752,1883.4
"03/11/2013 13:45:00","EDT","CAPITL",61757,1450.8
"03/11/2013 13:45:00","EDT","CENTRL",61754,1980
"03/11/2013 13:45:00","EDT","DUNWOD",61760,718.1
"03/11/2013 13:45:00","EDT","GENESE",61753,1187.4
"03/11/2013 13:45:00","EDT","HUD VL",61758,1086.9
"03/11/2013 13:45:00","EDT","LONGIL",61762,2409.2
"03/11/2013 13:45:00","EDT","MHK VL",61756,1036.7
"03/11/2013 13:45:00","EDT","MILLWD",61759,337.9
"03/11/2013 13:45:00","EDT","N.Y.C.",61761,6382.5
"03/11/2013 13:45:00","EDT","NORTH",61755,778.8
"03/11/2013 13:45:00","EDT","WEST",61752,1871.5
"03/11/2013 13:50:00","EDT","CAPITL",61757,1449.5
"03/11/2013 13:50:00","EDT","CENTRL",61754,1995.5
"03/11/2013 13:50:00","EDT","DUNWOD",61760,707.5
"03/11/2013 13:50:00","EDT","GENESE",61753,1179.4
"03/11/2013 13:50:00","EDT","HUD VL",61758,1096.6
"03/11/2013 13:50:00","EDT","LONGIL",61762,2408.2
"03/11/2013 13:50:00","EDT","MHK VL",61756,1039.6
"03/11/2013 13:50:00","EDT","MILLWD",61759,346.7
"03/11/2013 13:50:00","EDT","N.Y.C.",61761,6368.4
"03/11/2013 13:50:00","EDT","NORTH",61755,787.6
"03/11/2013 13:50:00","EDT","WEST",61752,1885.1
"03/11/2013 13:55:00","EDT","CAPITL",61757,1438.2
"03/11/2013 13:55:00","EDT","CENTRL",61754,1972.5
"03/11/2013 13:55:00","EDT","DUNWOD",61760,705.8
"03/11/2013 13:55:00","EDT","GENESE",61753,1183.1
"03/11/2013 13:55:00","EDT","HUD VL",61758,1079.1
"03/11/2013 13:55:00","EDT","LONGIL",61762,2397.2
"03/11/2013 13:55:00","EDT","MHK VL",61756,1036.3
"03/11/2013 13:55:00","EDT","MILLWD",61759,343.8
"03/11/2013 13:55:00","EDT","N.Y.C.",61761,6382.9
"03/11/2013 13:55:00","EDT","NORTH",61755,784.8
"03/11/2013 13:55:00","EDT","WEST",61752,1856.7
"03/11/2013 14:00:00","EDT","CAPITL",61757,1439.2
"03/11/2013 14:00:00","EDT","CENTRL",61754,1980
"03/11/2013 14:00:00","EDT","DUNWOD",61760,716.3
"03/11/2013 14:00:00","EDT","GENESE",61753,1186.3
"03/11/2013 14:00:00","EDT","HUD VL",61758,1088.1
"03/11/2013 14:00:00","EDT","LONGIL",61762,2392.7
"03/11/2013 14:00:00","EDT","MHK VL",61756,1031.2
"03/11/2013 14:00:00","EDT","MILLWD",61759,341.9
"03/11/2013 14:00:00","EDT","N.Y.C.",61761,6378.7
"03/11/2013 14:00:00","EDT","NORTH",61755,783.4
"03/11/2013 14:00:00","EDT","WEST",61752,1857.8
"03/11/2013 14:05:00","EDT","CAPITL",61757,1445.6
"03/11/2013 14:05:00","EDT","CENTRL",61754,1992.5
"03/11/2013 14:05:00","EDT","DUNWOD",61760,704.1
"03/11/2013 14:05:00","EDT","GENESE",61753,1182.4
"03/11/2013 14:05:00","EDT","HUD VL",61758,1105.2
"03/11/2013 14:05:00","EDT","LONGIL",61762,2409.6
"03/11/2013 14:05:00","EDT","MHK VL",61756,1031.1
"03/11/2013 14:05:00","EDT","MILLWD",61759,333.4
"03/11/2013 14:05:00","EDT","N.Y.C.",61761,6366.1
"03/11/2013 14:05:00","EDT","NORTH",61755,779.4
"03/11/2013 14:05:00","EDT","WEST",61752,1867.8
"03/11/2013 14:10:00","EDT","CAPITL",61757,1440.4
"03/11/2013 14:10:00","EDT","CENTRL",61754,1966.3
"03/11/2013 14:10:00","EDT","DUNWOD",61760,712.3
"03/11/2013 14:10:00","EDT","GENESE",61753,1182.5
"03/11/2013 14:10:00","EDT","HUD VL",61758,1096.6
"03/11/2013 14:10:00","EDT","LONGIL",61762,2395.6
"03/11/2013 14:10:00","EDT","MHK VL",61756,1030.8
"03/11/2013 14:10:00","EDT","MILLWD",61759,322.8
"03/11/2013 14:10:00","EDT","N.Y.C.",61761,6366.6
"03/11/2013 14:10:00","EDT","NORTH",61755,796
"03/11/2013 14:10:00","EDT","WEST",61752,1861.4
"03/11/2013 14:15:00","EDT","CAPITL",61757,1436.5
"03/11/2013 14:15:00","EDT","CENTRL",61754,1963.8
"03/11/2013 14:15:00","EDT","DUNWOD",61760,704.8
"03/11/2013 14:15:00","EDT","GENESE",61753,1174.4
"03/11/2013 14:15:00","EDT","HUD VL",61758,1082.2
"03/11/2013 14:15:00","EDT","LONGIL",61762,2380.8
"03/11/2013 14:15:00","EDT","MHK VL",61756,1033.6
"03/11/2013 14:15:00","EDT","MILLWD",61759,347.1
"03/11/2013 14:15:00","EDT","N.Y.C.",61761,6388.3
"03/11/2013 14:15:00","EDT","NORTH",61755,784
"03/11/2013 14:15:00","EDT","WEST",61752,1847.8
"03/11/2013 14:20:00","EDT","CAPITL",61757,1444.7
"03/11/2013 14:20:00","EDT","CENTRL",61754,1970.1
"03/11/2013 14:20:00","EDT","DUNWOD",61760,718.2
"03/11/2013 14:20:00","EDT","GENESE",61753,1170.7
"03/11/2013 14:20:00","EDT","HUD VL",61758,1094.8
"03/11/2013 14:20:00","EDT","LONGIL",61762,2401.7
"03/11/2013 14:20:00","EDT","MHK VL",61756,1035.8
"03/11/2013 14:20:00","EDT","MILLWD",61759,334.2
"03/11/2013 14:20:00","EDT","N.Y.C.",61761,6353.7
"03/11/2013 14:20:00","EDT","NORTH",61755,782.5
"03/11/2013 14:20:00","EDT","WEST",61752,1865.7
"03/11/2013 14:25:00","EDT","CAPITL",61757,1428.1
"03/11/2013 14:25:00","EDT","CENTRL",61754,1959.3
"03/11/2013 14:25:00","EDT","DUNWOD",61760,709.2
"03/11/2013 14:25:00","EDT","GENESE",61753,1175.1
"03/11/2013 14:25:00","EDT","HUD VL",61758,1092.7
"03/11/2013 14:25:00","EDT","LONGIL",61762,2409.3
"03/11/2013 14:25:00","EDT","MHK VL",61756,1028.5
"03/11/2013 14:25:00","EDT","MILLWD",61759,344.5
"03/11/2013 14:25:00","EDT","N.Y.C.",61761,6360.1
"03/11/2013 14:25:00","EDT","NORTH",61755,785.3
"03/11/2013 14:25:00","EDT","WEST",61752,1866.5
"03/11/2013 14:30:00","EDT","CAPITL",61757,1426.4
"03/11/2013 14:30:00","EDT","CENTRL",61754,1986.2
"03/11/2013 14:30:00","EDT","DUNWOD",61760,716
"03/11/2013 14:30:00","EDT","GENESE",61753,1157.6
"03/11/2013 14:30:00","EDT","HUD VL",61758,1048.7
"03/11/2013 14:30:00","EDT","LONGIL",61762,2381.2
"03/11/2013 14:30:00","EDT","MHK VL",61756,1025.5
"03/11/2013 14:30:00","EDT","MILLWD",61759,364.7
"03/11/2013 14:30:00","EDT","N.Y.C.",61761,6368
"03/11/2013 14:30:00","EDT","NORTH",61755,784.1
"03/11/2013 14:30:00","EDT","WEST",61752,1881
"03/11/2013 14:35:00","EDT","CAPITL",61757,1430
"03/11/2013 14:35:00","EDT","CENTRL",61754,1987.2
"03/11/2013 14:35:00","EDT","DUNWOD",61760,722.6
"03/11/2013 14:35:00","EDT","GENESE",61753,1164.5
"03/11/2013 14:35:00","EDT","HUD VL",61758,1094.9
"03/11/2013 14:35:00","EDT","LONGIL",61762,2402.9
"03/11/2013 14:35:00","EDT","MHK VL",61756,1015.1
"03/11/2013 14:35:00","EDT","MILLWD",61759,318.8
"03/11/2013 14:35:00","EDT","N.Y.C.",61761,6351.1
"03/11/2013 14:35:00","EDT","NORTH",61755,781.8
"03/11/2013 14:35:00","EDT","WEST",61752,1867.2
"03/11/2013 14:40:00","EDT","CAPITL",61757,1424
"03/11/2013 14:40:00","EDT","CENTRL",61754,1957
"03/11/2013 14:40:00","EDT","DUNWOD",61760,702.2
"03/11/2013 14:40:00","EDT","GENESE",61753,1163.2
"03/11/2013 14:40:00","EDT","HUD VL",61758,1099.1
"03/11/2013 14:40:00","EDT","LONGIL",61762,2390.7
"03/11/2013 14:40:00","EDT","MHK VL",61756,1024.9
"03/11/2013 14:40:00","EDT","MILLWD",61759,328
"03/11/2013 14:40:00","EDT","N.Y.C.",61761,6331.9
"03/11/2013 14:40:00","EDT","NORTH",61755,777.9
"03/11/2013 14:40:00","EDT","WEST",61752,1868.1
"03/11/2013 14:45:00","EDT","CAPITL",61757,1419.2
"03/11/2013 14:45:00","EDT","CENTRL",61754,1955.7
"03/11/2013 14:45:00","EDT","DUNWOD",61760,715.9
"03/11/2013 14:45:00","EDT","GENESE",61753,1168.1
"03/11/2013 14:45:00","EDT","HUD VL",61758,1065.8
"03/11/2013 14:45:00","EDT","LONGIL",61762,2387.3
"03/11/2013 14:45:00","EDT","MHK VL",61756,1021.1
"03/11/2013 14:45:00","EDT","MILLWD",61759,345.3
"03/11/2013 14:45:00","EDT","N.Y.C.",61761,6345.2
"03/11/2013 14:45:00","EDT","NORTH",61755,778
"03/11/2013 14:45:00","EDT","WEST",61752,1850.6
"03/11/2013 14:50:00","EDT","CAPITL",61757,1418
"03/11/2013 14:50:00","EDT","CENTRL",61754,1972.6
"03/11/2013 14:50:00","EDT","DUNWOD",61760,704.3
"03/11/2013 14:50:00","EDT","GENESE",61753,1164.7
"03/11/2013 14:50:00","EDT","HUD VL",61758,1077.7
"03/11/2013 14:50:00","EDT","LONGIL",61762,2389.6
"03/11/2013 14:50:00","EDT","MHK VL",61756,1021.2
"03/11/2013 14:50:00","EDT","MILLWD",61759,330.9
"03/11/2013 14:50:00","EDT","N.Y.C.",61761,6359.4
"03/11/2013 14:50:00","EDT","NORTH",61755,784.3
"03/11/2013 14:50:00","EDT","WEST",61752,1849.7
"03/11/2013 14:55:00","EDT","CAPITL",61757,1400.6
"03/11/2013 14:55:00","EDT","CENTRL",61754,1947.7
"03/11/2013 14:55:00","EDT","DUNWOD",61760,705.5
"03/11/2013 14:55:00","EDT","GENESE",61753,1161.8
"03/11/2013 14:55:00","EDT","HUD VL",61758,1075.1
"03/11/2013 14:55:00","EDT","LONGIL",61762,2388.8
"03/11/2013 14:55:00","EDT","MHK VL",61756,1023.1
"03/11/2013 14:55:00","EDT","MILLWD",61759,333.6
"03/11/2013 14:55:00","EDT","N.Y.C.",61761,6340.4
"03/11/2013 14:55:00","EDT","NORTH",61755,781
"03/11/2013 14:55:00","EDT","WEST",61752,1857.1
"03/11/2013 15:00:00","EDT","CAPITL",61757,1412.4
"03/11/2013 15:00:00","EDT","CENTRL",61754,1960
"03/11/2013 15:00:00","EDT","DUNWOD",61760,702.1
"03/11/2013 15:00:00","EDT","GENESE",61753,1171.9
"03/11/2013 15:00:00","EDT","HUD VL",61758,1078.8
"03/11/2013 15:00:00","EDT","LONGIL",61762,2394
"03/11/2013 15:00:00","EDT","MHK VL",61756,1018.2
"03/11/2013 15:00:00","EDT","MILLWD",61759,336.3
"03/11/2013 15:00:00","EDT","N.Y.C.",61761,6336.4
"03/11/2013 15:00:00","EDT","NORTH",61755,773.8
"03/11/2013 15:00:00","EDT","WEST",61752,1847
"03/11/2013 15:05:00","EDT","CAPITL",61757,1406.1
"03/11/2013 15:05:00","EDT","CENTRL",61754,1952.3
"03/11/2013 15:05:00","EDT","DUNWOD",61760,697.9
"03/11/2013 15:05:00","EDT","GENESE",61753,1168.3
"03/11/2013 15:05:00","EDT","HUD VL",61758,1086.2
"03/11/2013 15:05:00","EDT","LONGIL",61762,2383.3
"03/11/2013 15:05:00","EDT","MHK VL",61756,1019.9
"03/11/2013 15:05:00","EDT","MILLWD",61759,430.6
"03/11/2013 15:05:00","EDT","N.Y.C.",61761,6367.7
"03/11/2013 15:05:00","EDT","NORTH",61755,774.9
"03/11/2013 15:05:00","EDT","WEST",61752,1852.8
"03/11/2013 15:10:00","EDT","CAPITL",61757,1401.9
"03/11/2013 15:10:00","EDT","CENTRL",61754,1943.8
"03/11/2013 15:10:00","EDT","DUNWOD",61760,692.7
"03/11/2013 15:10:00","EDT","GENESE",61753,1163.3
"03/11/2013 15:10:00","EDT","HUD VL",61758,1063.1
"03/11/2013 15:10:00","EDT","LONGIL",61762,2383.2
"03/11/2013 15:10:00","EDT","MHK VL",61756,1020.2
"03/11/2013 15:10:00","EDT","MILLWD",61759,341.2
"03/11/2013 15:10:00","EDT","N.Y.C.",61761,6348.4
"03/11/2013 15:10:00","EDT","NORTH",61755,784.8
"03/11/2013 15:10:00","EDT","WEST",61752,1858.3
"03/11/2013 15:15:00","EDT","CAPITL",61757,1402.4
"03/11/2013 15:15:00","EDT","CENTRL",61754,1943.1
"03/11/2013 15:15:00","EDT","DUNWOD",61760,711.8
"03/11/2013 15:15:00","EDT","GENESE",61753,1165.8
"03/11/2013 15:15:00","EDT","HUD VL",61758,1083.3
"03/11/2013 15:15:00","EDT","LONGIL",61762,2385.7
"03/11/2013 15:15:00","EDT","MHK VL",61756,1015.2
"03/11/2013 15:15:00","EDT","MILLWD",61759,344.2
"03/11/2013 15:15:00","EDT","N.Y.C.",61761,6334.4
"03/11/2013 15:15:00","EDT","NORTH",61755,787
"03/11/2013 15:15:00","EDT","WEST",61752,1852.1
"03/11/2013 15:20:00","EDT","CAPITL",61757,1409.4
"03/11/2013 15:20:00","EDT","CENTRL",61754,1921.9
"03/11/2013 15:20:00","EDT","DUNWOD",61760,716.9
"03/11/2013 15:20:00","EDT","GENESE",61753,1173.3
"03/11/2013 15:20:00","EDT","HUD VL",61758,1067.5
"03/11/2013 15:20:00","EDT","LONGIL",61762,2375.6
"03/11/2013 15:20:00","EDT","MHK VL",61756,1016.8
"03/11/2013 15:20:00","EDT","MILLWD",61759,345.7
"03/11/2013 15:20:00","EDT","N.Y.C.",61761,6333.8
"03/11/2013 15:20:00","EDT","NORTH",61755,786.9
"03/11/2013 15:20:00","EDT","WEST",61752,1840.8
"03/11/2013 15:25:00","EDT","CAPITL",61757,1411.1
"03/11/2013 15:25:00","EDT","CENTRL",61754,1933.7
"03/11/2013 15:25:00","EDT","DUNWOD",61760,708.2
"03/11/2013 15:25:00","EDT","GENESE",61753,1166.9
"03/11/2013 15:25:00","EDT","HUD VL",61758,1086
"03/11/2013 15:25:00","EDT","LONGIL",61762,2408.9
"03/11/2013 15:25:00","EDT","MHK VL",61756,1011.2
"03/11/2013 15:25:00","EDT","MILLWD",61759,326.8
"03/11/2013 15:25:00","EDT","N.Y.C.",61761,6340.2
"03/11/2013 15:25:00","EDT","NORTH",61755,787.2
"03/11/2013 15:25:00","EDT","WEST",61752,1853.7
"03/11/2013 15:30:00","EDT","CAPITL",61757,1405.7
"03/11/2013 15:30:00","EDT","CENTRL",61754,1934.2
"03/11/2013 15:30:00","EDT","DUNWOD",61760,709.9
"03/11/2013 15:30:00","EDT","GENESE",61753,1164
"03/11/2013 15:30:00","EDT","HUD VL",61758,1080.9
"03/11/2013 15:30:00","EDT","LONGIL",61762,2388.1
"03/11/2013 15:30:00","EDT","MHK VL",61756,1016.9
"03/11/2013 15:30:00","EDT","MILLWD",61759,335.5
"03/11/2013 15:30:00","EDT","N.Y.C.",61761,6316.3
"03/11/2013 15:30:00","EDT","NORTH",61755,784.9
"03/11/2013 15:30:00","EDT","WEST",61752,1833
"03/11/2013 15:35:00","EDT","CAPITL",61757,1408.1
"03/11/2013 15:35:00","EDT","CENTRL",61754,1922.2
"03/11/2013 15:35:00","EDT","DUNWOD",61760,722.2
"03/11/2013 15:35:00","EDT","GENESE",61753,1166.7
"03/11/2013 15:35:00","EDT","HUD VL",61758,1074.5
"03/11/2013 15:35:00","EDT","LONGIL",61762,2401.5
"03/11/2013 15:35:00","EDT","MHK VL",61756,1007.3
"03/11/2013 15:35:00","EDT","MILLWD",61759,327.9
"03/11/2013 15:35:00","EDT","N.Y.C.",61761,6366.4
"03/11/2013 15:35:00","EDT","NORTH",61755,783.8
"03/11/2013 15:35:00","EDT","WEST",61752,1830.7
"03/11/2013 15:40:00","EDT","CAPITL",61757,1407.8
"03/11/2013 15:40:00","EDT","CENTRL",61754,1933.4
"03/11/2013 15:40:00","EDT","DUNWOD",61760,705.3
"03/11/2013 15:40:00","EDT","GENESE",61753,1157.1
"03/11/2013 15:40:00","EDT","HUD VL",61758,1086.3
"03/11/2013 15:40:00","EDT","LONGIL",61762,2387.5
"03/11/2013 15:40:00","EDT","MHK VL",61756,1007.2
"03/11/2013 15:40:00","EDT","MILLWD",61759,318
"03/11/2013 15:40:00","EDT","N.Y.C.",61761,6360.2
"03/11/2013 15:40:00","EDT","NORTH",61755,780
"03/11/2013 15:40:00","EDT","WEST",61752,1820.7
"03/11/2013 15:45:00","EDT","CAPITL",61757,1398.5
"03/11/2013 15:45:00","EDT","CENTRL",61754,1920.2
"03/11/2013 15:45:00","EDT","DUNWOD",61760,726.8
"03/11/2013 15:45:00","EDT","GENESE",61753,1162.7
"03/11/2013 15:45:00","EDT","HUD VL",61758,1052.3
"03/11/2013 15:45:00","EDT","LONGIL",61762,2375.1
"03/11/2013 15:45:00","EDT","MHK VL",61756,1006.3
"03/11/2013 15:45:00","EDT","MILLWD",61759,331.3
"03/11/2013 15:45:00","EDT","N.Y.C.",61761,6361
"03/11/2013 15:45:00","EDT","NORTH",61755,784.3
"03/11/2013 15:45:00","EDT","WEST",61752,1824.8
"03/11/2013 15:50:00","EDT","CAPITL",61757,1404.7
"03/11/2013 15:50:00","EDT","CENTRL",61754,1919.5
"03/11/2013 15:50:00","EDT","DUNWOD",61760,695.7
"03/11/2013 15:50:00","EDT","GENESE",61753,1161.9
"03/11/2013 15:50:00","EDT","HUD VL",61758,1063.8
"03/11/2013 15:50:00","EDT","LONGIL",61762,2395.5
"03/11/2013 15:50:00","EDT","MHK VL",61756,1024.9
"03/11/2013 15:50:00","EDT","MILLWD",61759,340.9
"03/11/2013 15:50:00","EDT","N.Y.C.",61761,6366.1
"03/11/2013 15:50:00","EDT","NORTH",61755,781.4
"03/11/2013 15:50:00","EDT","WEST",61752,1819.6
"03/11/2013 15:55:00","EDT","CAPITL",61757,1416.3
"03/11/2013 15:55:00","EDT","CENTRL",61754,1937.1
"03/11/2013 15:55:00","EDT","DUNWOD",61760,699.3
"03/11/2013 15:55:00","EDT","GENESE",61753,1166.9
"03/11/2013 15:55:00","EDT","HUD VL",61758,1053
"03/11/2013 15:55:00","EDT","LONGIL",61762,2422.9
"03/11/2013 15:55:00","EDT","MHK VL",61756,1013
"03/11/2013 15:55:00","EDT","MILLWD",61759,343.6
"03/11/2013 15:55:00","EDT","N.Y.C.",61761,6331.7
"03/11/2013 15:55:00","EDT","NORTH",61755,785
"03/11/2013 15:55:00","EDT","WEST",61752,1830.4
"03/11/2013 16:00:00","EDT","CAPITL",61757,1399.1
"03/11/2013 16:00:00","EDT","CENTRL",61754,1954.5
"03/11/2013 16:00:00","EDT","DUNWOD",61760,725
"03/11/2013 16:00:00","EDT","GENESE",61753,1160.8
"03/11/2013 16:00:00","EDT","HUD VL",61758,1077.2
"03/11/2013 16:00:00","EDT","LONGIL",61762,2381
"03/11/2013 16:00:00","EDT","MHK VL",61756,1018.7
"03/11/2013 16:00:00","EDT","MILLWD",61759,326.3
"03/11/2013 16:00:00","EDT","N.Y.C.",61761,6388.4
"03/11/2013 16:00:00","EDT","NORTH",61755,775.6
"03/11/2013 16:00:00","EDT","WEST",61752,1828.7
"03/11/2013 16:05:00","EDT","CAPITL",61757,1411.6
"03/11/2013 16:05:00","EDT","CENTRL",61754,1932.2
"03/11/2013 16:05:00","EDT","DUNWOD",61760,711
"03/11/2013 16:05:00","EDT","GENESE",61753,1162.8
"03/11/2013 16:05:00","EDT","HUD VL",61758,1096.3
"03/11/2013 16:05:00","EDT","LONGIL",61762,2396.9
"03/11/2013 16:05:00","EDT","MHK VL",61756,1018.9
"03/11/2013 16:05:00","EDT","MILLWD",61759,312.5
"03/11/2013 16:05:00","EDT","N.Y.C.",61761,6378.4
"03/11/2013 16:05:00","EDT","NORTH",61755,775.3
"03/11/2013 16:05:00","EDT","WEST",61752,1821.6
"03/11/2013 16:10:00","EDT","CAPITL",61757,1416.1
"03/11/2013 16:10:00","EDT","CENTRL",61754,1927.2
"03/11/2013 16:10:00","EDT","DUNWOD",61760,717.6
"03/11/2013 16:10:00","EDT","GENESE",61753,1160.1
"03/11/2013 16:10:00","EDT","HUD VL",61758,1074.5
"03/11/2013 16:10:00","EDT","LONGIL",61762,2406
"03/11/2013 16:10:00","EDT","MHK VL",61756,1012.1
"03/11/2013 16:10:00","EDT","MILLWD",61759,335.5
"03/11/2013 16:10:00","EDT","N.Y.C.",61761,6370.3
"03/11/2013 16:10:00","EDT","NORTH",61755,778.9
"03/11/2013 16:10:00","EDT","WEST",61752,1807.3
"03/11/2013 16:15:00","EDT","CAPITL",61757,1418.7
"03/11/2013 16:15:00","EDT","CENTRL",61754,1918.9
"03/11/2013 16:15:00","EDT","DUNWOD",61760,715.6
"03/11/2013 16:15:00","EDT","GENESE",61753,1159.4
"03/11/2013 16:15:00","EDT","HUD VL",61758,1073.2
"03/11/2013 16:15:00","EDT","LONGIL",61762,2401.9
"03/11/2013 16:15:00","EDT","MHK VL",61756,1020.9
"03/11/2013 16:15:00","EDT","MILLWD",61759,334.8
"03/11/2013 16:15:00","EDT","N.Y.C.",61761,6377.6
"03/11/2013 16:15:00","EDT","NORTH",61755,781.9
"03/11/2013 16:15:00","EDT","WEST",61752,1814.4
"03/11/2013 16:20:00","EDT","CAPITL",61757,1412.8
"03/11/2013 16:20:00","EDT","CENTRL",61754,1917.7
"03/11/2013 16:20:00","EDT","DUNWOD",61760,718.2
"03/11/2013 16:20:00","EDT","GENESE",61753,1161.8
"03/11/2013 16:20:00","EDT","HUD VL",61758,1071.6
"03/11/2013 16:20:00","EDT","LONGIL",61762,2411.2
"03/11/2013 16:20:00","EDT","MHK VL",61756,1024.7
"03/11/2013 16:20:00","EDT","MILLWD",61759,339.3
"03/11/2013 16:20:00","EDT","N.Y.C.",61761,6359.5
"03/11/2013 16:20:00","EDT","NORTH",61755,785.7
"03/11/2013 16:20:00","EDT","WEST",61752,1809
"03/11/2013 16:25:00","EDT","CAPITL",61757,1415.9
"03/11/2013 16:25:00","EDT","CENTRL",61754,1951
"03/11/2013 16:25:00","EDT","DUNWOD",61760,707
"03/11/2013 16:25:00","EDT","GENESE",61753,1160.7
"03/11/2013 16:25:00","EDT","HUD VL",61758,1068
"03/11/2013 16:25:00","EDT","LONGIL",61762,2414.5
"03/11/2013 16:25:00","EDT","MHK VL",61756,1026.6
"03/11/2013 16:25:00","EDT","MILLWD",61759,347.3
"03/11/2013 16:25:00","EDT","N.Y.C.",61761,6403.3
"03/11/2013 16:25:00","EDT","NORTH",61755,782.4
"03/11/2013 16:25:00","EDT","WEST",61752,1831.9
"03/11/2013 16:30:00","EDT","CAPITL",61757,1428.6
"03/11/2013 16:30:00","EDT","CENTRL",61754,1918.9
"03/11/2013 16:30:00","EDT","DUNWOD",61760,710.9
"03/11/2013 16:30:00","EDT","GENESE",61753,1163.9
"03/11/2013 16:30:00","EDT","HUD VL",61758,1098.9
"03/11/2013 16:30:00","EDT","LONGIL",61762,2425.3
"03/11/2013 16:30:00","EDT","MHK VL",61756,1030.2
"03/11/2013 16:30:00","EDT","MILLWD",61759,323.2
"03/11/2013 16:30:00","EDT","N.Y.C.",61761,6390.2
"03/11/2013 16:30:00","EDT","NORTH",61755,773.8
"03/11/2013 16:30:00","EDT","WEST",61752,1828.8
"03/11/2013 16:35:00","EDT","CAPITL",61757,1416.3
"03/11/2013 16:35:00","EDT","CENTRL",61754,1928.3
"03/11/2013 16:35:00","EDT","DUNWOD",61760,726.9
"03/11/2013 16:35:00","EDT","GENESE",61753,1157.3
"03/11/2013 16:35:00","EDT","HUD VL",61758,1079.5
"03/11/2013 16:35:00","EDT","LONGIL",61762,2424.4
"03/11/2013 16:35:00","EDT","MHK VL",61756,1027.7
"03/11/2013 16:35:00","EDT","MILLWD",61759,338
"03/11/2013 16:35:00","EDT","N.Y.C.",61761,6396.6
"03/11/2013 16:35:00","EDT","NORTH",61755,776.4
"03/11/2013 16:35:00","EDT","WEST",61752,1829.8
"03/11/2013 16:40:00","EDT","CAPITL",61757,1429.1
"03/11/2013 16:40:00","EDT","CENTRL",61754,1923.4
"03/11/2013 16:40:00","EDT","DUNWOD",61760,742.9
"03/11/2013 16:40:00","EDT","GENESE",61753,1167.1
"03/11/2013 16:40:00","EDT","HUD VL",61758,1119.2
"03/11/2013 16:40:00","EDT","LONGIL",61762,2417.2
"03/11/2013 16:40:00","EDT","MHK VL",61756,1035.8
"03/11/2013 16:40:00","EDT","MILLWD",61759,324.6
"03/11/2013 16:40:00","EDT","N.Y.C.",61761,6373.3
"03/11/2013 16:40:00","EDT","NORTH",61755,771.6
"03/11/2013 16:40:00","EDT","WEST",61752,1832
"03/11/2013 16:45:00","EDT","CAPITL",61757,1429
"03/11/2013 16:45:00","EDT","CENTRL",61754,1934.2
"03/11/2013 16:45:00","EDT","DUNWOD",61760,709
"03/11/2013 16:45:00","EDT","GENESE",61753,1153.9
"03/11/2013 16:45:00","EDT","HUD VL",61758,1080
"03/11/2013 16:45:00","EDT","LONGIL",61762,2427.5
"03/11/2013 16:45:00","EDT","MHK VL",61756,1029.5
"03/11/2013 16:45:00","EDT","MILLWD",61759,353.3
"03/11/2013 16:45:00","EDT","N.Y.C.",61761,6431.6
"03/11/2013 16:45:00","EDT","NORTH",61755,787.1
"03/11/2013 16:45:00","EDT","WEST",61752,1844.7
"03/11/2013 16:50:00","EDT","CAPITL",61757,1432.7
"03/11/2013 16:50:00","EDT","CENTRL",61754,1970.3
"03/11/2013 16:50:00","EDT","DUNWOD",61760,717.4
"03/11/2013 16:50:00","EDT","GENESE",61753,1152.9
"03/11/2013 16:50:00","EDT","HUD VL",61758,1091.4
"03/11/2013 16:50:00","EDT","LONGIL",61762,2422.6
"03/11/2013 16:50:00","EDT","MHK VL",61756,1035.7
"03/11/2013 16:50:00","EDT","MILLWD",61759,338.3
"03/11/2013 16:50:00","EDT","N.Y.C.",61761,6405.3
"03/11/2013 16:50:00","EDT","NORTH",61755,773.5
"03/11/2013 16:50:00","EDT","WEST",61752,1835.2
"03/11/2013 16:55:00","EDT","CAPITL",61757,1433.4
"03/11/2013 16:55:00","EDT","CENTRL",61754,1967.5
"03/11/2013 16:55:00","EDT","DUNWOD",61760,715.3
"03/11/2013 16:55:00","EDT","GENESE",61753,1172.7
"03/11/2013 16:55:00","EDT","HUD VL",61758,1075.5
"03/11/2013 16:55:00","EDT","LONGIL",61762,2453.1
"03/11/2013 16:55:00","EDT","MHK VL",61756,1035.9
"03/11/2013 16:55:00","EDT","MILLWD",61759,329.8
"03/11/2013 16:55:00","EDT","N.Y.C.",61761,6424.2
"03/11/2013 16:55:00","EDT","NORTH",61755,786.8
"03/11/2013 16:55:00","EDT","WEST",61752,1827.5
"03/11/2013 17:00:00","EDT","CAPITL",61757,1428.2
"03/11/2013 17:00:00","EDT","CENTRL",61754,1961.8
"03/11/2013 17:00:00","EDT","DUNWOD",61760,720.8
"03/11/2013 17:00:00","EDT","GENESE",61753,1178.1
"03/11/2013 17:00:00","EDT","HUD VL",61758,1107.8
"03/11/2013 17:00:00","EDT","LONGIL",61762,2445
"03/11/2013 17:00:00","EDT","MHK VL",61756,1042.7
"03/11/2013 17:00:00","EDT","MILLWD",61759,337.6
"03/11/2013 17:00:00","EDT","N.Y.C.",61761,6408.6
"03/11/2013 17:00:00","EDT","NORTH",61755,785.3
"03/11/2013 17:00:00","EDT","WEST",61752,1849.7
"03/11/2013 17:05:00","EDT","CAPITL",61757,1444.4
"03/11/2013 17:05:00","EDT","CENTRL",61754,1978.9
"03/11/2013 17:05:00","EDT","DUNWOD",61760,705.2
"03/11/2013 17:05:00","EDT","GENESE",61753,1168.2
"03/11/2013 17:05:00","EDT","HUD VL",61758,1088.7
"03/11/2013 17:05:00","EDT","LONGIL",61762,2449.3
"03/11/2013 17:05:00","EDT","MHK VL",61756,1025.6
"03/11/2013 17:05:00","EDT","MILLWD",61759,362.7
"03/11/2013 17:05:00","EDT","N.Y.C.",61761,6363.7
"03/11/2013 17:05:00","EDT","NORTH",61755,792.6
"03/11/2013 17:05:00","EDT","WEST",61752,1825
"03/11/2013 17:10:00","EDT","CAPITL",61757,1452.2
"03/11/2013 17:10:00","EDT","CENTRL",61754,1973.9
"03/11/2013 17:10:00","EDT","DUNWOD",61760,724
"03/11/2013 17:10:00","EDT","GENESE",61753,1174.8
"03/11/2013 17:10:00","EDT","HUD VL",61758,1103.2
"03/11/2013 17:10:00","EDT","LONGIL",61762,2463.3
"03/11/2013 17:10:00","EDT","MHK VL",61756,1056.4
"03/11/2013 17:10:00","EDT","MILLWD",61759,355.2
"03/11/2013 17:10:00","EDT","N.Y.C.",61761,6330.9
"03/11/2013 17:10:00","EDT","NORTH",61755,775.1
"03/11/2013 17:10:00","EDT","WEST",61752,1838.9
"03/11/2013 17:15:00","EDT","CAPITL",61757,1456.9
"03/11/2013 17:15:00","EDT","CENTRL",61754,1961.1
"03/11/2013 17:15:00","EDT","DUNWOD",61760,723.2
"03/11/2013 17:15:00","EDT","GENESE",61753,1170
"03/11/2013 17:15:00","EDT","HUD VL",61758,1091.1
"03/11/2013 17:15:00","EDT","LONGIL",61762,2457.9
"03/11/2013 17:15:00","EDT","MHK VL",61756,1053.2
"03/11/2013 17:15:00","EDT","MILLWD",61759,358.7
"03/11/2013 17:15:00","EDT","N.Y.C.",61761,6416.5
"03/11/2013 17:15:00","EDT","NORTH",61755,780.6
"03/11/2013 17:15:00","EDT","WEST",61752,1823.1
"03/11/2013 17:20:00","EDT","CAPITL",61757,1451.6
"03/11/2013 17:20:00","EDT","CENTRL",61754,1973.8
"03/11/2013 17:20:00","EDT","DUNWOD",61760,734.9
"03/11/2013 17:20:00","EDT","GENESE",61753,1175.5
"03/11/2013 17:20:00","EDT","HUD VL",61758,1108.7
"03/11/2013 17:20:00","EDT","LONGIL",61762,2481.4
"03/11/2013 17:20:00","EDT","MHK VL",61756,1063.4
"03/11/2013 17:20:00","EDT","MILLWD",61759,358.3
"03/11/2013 17:20:00","EDT","N.Y.C.",61761,6400.7
"03/11/2013 17:20:00","EDT","NORTH",61755,786.2
"03/11/2013 17:20:00","EDT","WEST",61752,1832.4
"03/11/2013 17:25:00","EDT","CAPITL",61757,1462.2
"03/11/2013 17:25:00","EDT","CENTRL",61754,1990.7
"03/11/2013 17:25:00","EDT","DUNWOD",61760,736.4
"03/11/2013 17:25:00","EDT","GENESE",61753,1176.6
"03/11/2013 17:25:00","EDT","HUD VL",61758,1110.5
"03/11/2013 17:25:00","EDT","LONGIL",61762,2499.2
"03/11/2013 17:25:00","EDT","MHK VL",61756,1054
"03/11/2013 17:25:00","EDT","MILLWD",61759,352.3
"03/11/2013 17:25:00","EDT","N.Y.C.",61761,6417.1
"03/11/2013 17:25:00","EDT","NORTH",61755,791.1
"03/11/2013 17:25:00","EDT","WEST",61752,1827.5
"03/11/2013 17:30:00","EDT","CAPITL",61757,1459.7
"03/11/2013 17:30:00","EDT","CENTRL",61754,1978.8
"03/11/2013 17:30:00","EDT","DUNWOD",61760,738.2
"03/11/2013 17:30:00","EDT","GENESE",61753,1173.4
"03/11/2013 17:30:00","EDT","HUD VL",61758,1103.6
"03/11/2013 17:30:00","EDT","LONGIL",61762,2489.8
"03/11/2013 17:30:00","EDT","MHK VL",61756,1053.6
"03/11/2013 17:30:00","EDT","MILLWD",61759,359.2
"03/11/2013 17:30:00","EDT","N.Y.C.",61761,6409.6
"03/11/2013 17:30:00","EDT","NORTH",61755,787
"03/11/2013 17:30:00","EDT","WEST",61752,1818.1
"03/11/2013 17:35:00","EDT","CAPITL",61757,1471.2
"03/11/2013 17:35:00","EDT","CENTRL",61754,2002
"03/11/2013 17:35:00","EDT","DUNWOD",61760,727.4
"03/11/2013 17:35:00","EDT","GENESE",61753,1174.4
"03/11/2013 17:35:00","EDT","HUD VL",61758,1111.6
"03/11/2013 17:35:00","EDT","LONGIL",61762,2535.2
"03/11/2013 17:35:00","EDT","MHK VL",61756,1059
"03/11/2013 17:35:00","EDT","MILLWD",61759,367.5
"03/11/2013 17:35:00","EDT","N.Y.C.",61761,6397.1
"03/11/2013 17:35:00","EDT","NORTH",61755,791.2
"03/11/2013 17:35:00","EDT","WEST",61752,1851.7
"03/11/2013 17:40:00","EDT","CAPITL",61757,1473
"03/11/2013 17:40:00","EDT","CENTRL",61754,1994.6
"03/11/2013 17:40:00","EDT","DUNWOD",61760,730.7
"03/11/2013 17:40:00","EDT","GENESE",61753,1177.5
"03/11/2013 17:40:00","EDT","HUD VL",61758,1114.1
"03/11/2013 17:40:00","EDT","LONGIL",61762,2536.8
"03/11/2013 17:40:00","EDT","MHK VL",61756,1060
"03/11/2013 17:40:00","EDT","MILLWD",61759,364.5
"03/11/2013 17:40:00","EDT","N.Y.C.",61761,6384
"03/11/2013 17:40:00","EDT","NORTH",61755,776.3
"03/11/2013 17:40:00","EDT","WEST",61752,1823.5
"03/11/2013 17:45:00","EDT","CAPITL",61757,1461
"03/11/2013 17:45:00","EDT","CENTRL",61754,2001
"03/11/2013 17:45:00","EDT","DUNWOD",61760,731.4
"03/11/2013 17:45:00","EDT","GENESE",61753,1184.7
"03/11/2013 17:45:00","EDT","HUD VL",61758,1142.4
"03/11/2013 17:45:00","EDT","LONGIL",61762,2529.8
"03/11/2013 17:45:00","EDT","MHK VL",61756,1052.2
"03/11/2013 17:45:00","EDT","MILLWD",61759,346.5
"03/11/2013 17:45:00","EDT","N.Y.C.",61761,6428.6
"03/11/2013 17:45:00","EDT","NORTH",61755,790.8
"03/11/2013 17:45:00","EDT","WEST",61752,1817.6
"03/11/2013 17:50:00","EDT","CAPITL",61757,1476.9
"03/11/2013 17:50:00","EDT","CENTRL",61754,1956.7
"03/11/2013 17:50:00","EDT","DUNWOD",61760,732.9
"03/11/2013 17:50:00","EDT","GENESE",61753,1181.7
"03/11/2013 17:50:00","EDT","HUD VL",61758,1117.9
"03/11/2013 17:50:00","EDT","LONGIL",61762,2542.8
"03/11/2013 17:50:00","EDT","MHK VL",61756,1068.7
"03/11/2013 17:50:00","EDT","MILLWD",61759,361.4
"03/11/2013 17:50:00","EDT","N.Y.C.",61761,6403.3
"03/11/2013 17:50:00","EDT","NORTH",61755,789.9
"03/11/2013 17:50:00","EDT","WEST",61752,1823.6
"03/11/2013 17:55:00","EDT","CAPITL",61757,1474.7
"03/11/2013 17:55:00","EDT","CENTRL",61754,1975.3
"03/11/2013 17:55:00","EDT","DUNWOD",61760,756.2
"03/11/2013 17:55:00","EDT","GENESE",61753,1187.9
"03/11/2013 17:55:00","EDT","HUD VL",61758,1123.2
"03/11/2013 17:55:00","EDT","LONGIL",61762,2554
"03/11/2013 17:55:00","EDT","MHK VL",61756,1064.4
"03/11/2013 17:55:00","EDT","MILLWD",61759,354.1
"03/11/2013 17:55:00","EDT","N.Y.C.",61761,6462.6
"03/11/2013 17:55:00","EDT","NORTH",61755,803
"03/11/2013 17:55:00","EDT","WEST",61752,1844.5
"03/11/2013 18:00:00","EDT","CAPITL",61757,1483.9
"03/11/2013 18:00:00","EDT","CENTRL",61754,1965.9
"03/11/2013 18:00:00","EDT","DUNWOD",61760,753.2
"03/11/2013 18:00:00","EDT","GENESE",61753,1194.6
"03/11/2013 18:00:00","EDT","HUD VL",61758,1128.3
"03/11/2013 18:00:00","EDT","LONGIL",61762,2557.7
"03/11/2013 18:00:00","EDT","MHK VL",61756,1074
"03/11/2013 18:00:00","EDT","MILLWD",61759,375.1
"03/11/2013 18:00:00","EDT","N.Y.C.",61761,6363.5
"03/11/2013 18:00:00","EDT","NORTH",61755,782
"03/11/2013 18:00:00","EDT","WEST",61752,1837.4
"03/11/2013 18:05:00","EDT","CAPITL",61757,1479.7
"03/11/2013 18:05:00","EDT","CENTRL",61754,1975.7
"03/11/2013 18:05:00","EDT","DUNWOD",61760,746.6
"03/11/2013 18:05:00","EDT","GENESE",61753,1192.7
"03/11/2013 18:05:00","EDT","HUD VL",61758,1117.6
"03/11/2013 18:05:00","EDT","LONGIL",61762,2549.1
"03/11/2013 18:05:00","EDT","MHK VL",61756,1066.2
"03/11/2013 18:05:00","EDT","MILLWD",61759,365.9
"03/11/2013 18:05:00","EDT","N.Y.C.",61761,6381.2
"03/11/2013 18:05:00","EDT","NORTH",61755,799.9
"03/11/2013 18:05:00","EDT","WEST",61752,1840.5
"03/11/2013 18:10:00","EDT","CAPITL",61757,1478.6
"03/11/2013 18:10:00","EDT","CENTRL",61754,1966.4
"03/11/2013 18:10:00","EDT","DUNWOD",61760,715.2
"03/11/2013 18:10:00","EDT","GENESE",61753,1189.9
"03/11/2013 18:10:00","EDT","HUD VL",61758,1117.9
"03/11/2013 18:10:00","EDT","LONGIL",61762,2542
"03/11/2013 18:10:00","EDT","MHK VL",61756,1078.5
"03/11/2013 18:10:00","EDT","MILLWD",61759,369.9
"03/11/2013 18:10:00","EDT","N.Y.C.",61761,6323.7
"03/11/2013 18:10:00","EDT","NORTH",61755,797.7
"03/11/2013 18:10:00","EDT","WEST",61752,1842.2
"03/11/2013 18:15:00","EDT","CAPITL",61757,1470
"03/11/2013 18:15:00","EDT","CENTRL",61754,1973
"03/11/2013 18:15:00","EDT","DUNWOD",61760,731.7
"03/11/2013 18:15:00","EDT","GENESE",61753,1196
"03/11/2013 18:15:00","EDT","HUD VL",61758,1144.7
"03/11/2013 18:15:00","EDT","LONGIL",61762,2563.7
"03/11/2013 18:15:00","EDT","MHK VL",61756,1082.4
"03/11/2013 18:15:00","EDT","MILLWD",61759,356.6
"03/11/2013 18:15:00","EDT","N.Y.C.",61761,6309.6
"03/11/2013 18:15:00","EDT","NORTH",61755,799.6
"03/11/2013 18:15:00","EDT","WEST",61752,1857.4
"03/11/2013 18:20:00","EDT","CAPITL",61757,1477.1
"03/11/2013 18:20:00","EDT","CENTRL",61754,2010.4
"03/11/2013 18:20:00","EDT","DUNWOD",61760,731
"03/11/2013 18:20:00","EDT","GENESE",61753,1197.6
"03/11/2013 18:20:00","EDT","HUD VL",61758,1140.2
"03/11/2013 18:20:00","EDT","LONGIL",61762,2597.2
"03/11/2013 18:20:00","EDT","MHK VL",61756,1083.5
"03/11/2013 18:20:00","EDT","MILLWD",61759,369.6
"03/11/2013 18:20:00","EDT","N.Y.C.",61761,6304.6
"03/11/2013 18:20:00","EDT","NORTH",61755,786.8
"03/11/2013 18:20:00","EDT","WEST",61752,1859.7
"03/11/2013 18:25:00","EDT","CAPITL",61757,1483.8
"03/11/2013 18:25:00","EDT","CENTRL",61754,2029.1
"03/11/2013 18:25:00","EDT","DUNWOD",61760,735.9
"03/11/2013 18:25:00","EDT","GENESE",61753,1192.7
"03/11/2013 18:25:00","EDT","HUD VL",61758,1138.8
"03/11/2013 18:25:00","EDT","LONGIL",61762,2563.9
"03/11/2013 18:25:00","EDT","MHK VL",61756,1078.3
"03/11/2013 18:25:00","EDT","MILLWD",61759,354.6
"03/11/2013 18:25:00","EDT","N.Y.C.",61761,6317.2
"03/11/2013 18:25:00","EDT","NORTH",61755,795.4
"03/11/2013 18:25:00","EDT","WEST",61752,1846.8
"03/11/2013 18:30:00","EDT","CAPITL",61757,1484.8
"03/11/2013 18:30:00","EDT","CENTRL",61754,2016.4
"03/11/2013 18:30:00","EDT","DUNWOD",61760,740.1
"03/11/2013 18:30:00","EDT","GENESE",61753,1199.8
"03/11/2013 18:30:00","EDT","HUD VL",61758,1150.1
"03/11/2013 18:30:00","EDT","LONGIL",61762,2592.6
"03/11/2013 18:30:00","EDT","MHK VL",61756,1065.2
"03/11/2013 18:30:00","EDT","MILLWD",61759,364.7
"03/11/2013 18:30:00","EDT","N.Y.C.",61761,6311.2
"03/11/2013 18:30:00","EDT","NORTH",61755,802.3
"03/11/2013 18:30:00","EDT","WEST",61752,1852.1
"03/11/2013 18:35:00","EDT","CAPITL",61757,1491.7
"03/11/2013 18:35:00","EDT","CENTRL",61754,1977
"03/11/2013 18:35:00","EDT","DUNWOD",61760,744.5
"03/11/2013 18:35:00","EDT","GENESE",61753,1205
"03/11/2013 18:35:00","EDT","HUD VL",61758,1136.1
"03/11/2013 18:35:00","EDT","LONGIL",61762,2597.3
"03/11/2013 18:35:00","EDT","MHK VL",61756,1082.5
"03/11/2013 18:35:00","EDT","MILLWD",61759,367.3
"03/11/2013 18:35:00","EDT","N.Y.C.",61761,6294.3
"03/11/2013 18:35:00","EDT","NORTH",61755,797.9
"03/11/2013 18:35:00","EDT","WEST",61752,1866
"03/11/2013 18:40:00","EDT","CAPITL",61757,1495.9
"03/11/2013 18:40:00","EDT","CENTRL",61754,2021.7
"03/11/2013 18:40:00","EDT","DUNWOD",61760,746.8
"03/11/2013 18:40:00","EDT","GENESE",61753,1202.6
"03/11/2013 18:40:00","EDT","HUD VL",61758,1149.3
"03/11/2013 18:40:00","EDT","LONGIL",61762,2606.2
"03/11/2013 18:40:00","EDT","MHK VL",61756,1094.9
"03/11/2013 18:40:00","EDT","MILLWD",61759,364.3
"03/11/2013 18:40:00","EDT","N.Y.C.",61761,6277.3
"03/11/2013 18:40:00","EDT","NORTH",61755,789
"03/11/2013 18:40:00","EDT","WEST",61752,1863.8
"03/11/2013 18:45:00","EDT","CAPITL",61757,1498.9
"03/11/2013 18:45:00","EDT","CENTRL",61754,2036.2
"03/11/2013 18:45:00","EDT","DUNWOD",61760,740.2
"03/11/2013 18:45:00","EDT","GENESE",61753,1203.8
"03/11/2013 18:45:00","EDT","HUD VL",61758,1165.8
"03/11/2013 18:45:00","EDT","LONGIL",61762,2633.3
"03/11/2013 18:45:00","EDT","MHK VL",61756,1087
"03/11/2013 18:45:00","EDT","MILLWD",61759,357.8
"03/11/2013 18:45:00","EDT","N.Y.C.",61761,6319.8
"03/11/2013 18:45:00","EDT","NORTH",61755,791.3
"03/11/2013 18:45:00","EDT","WEST",61752,1851.9
"03/11/2013 18:50:00","EDT","CAPITL",61757,1497.4
"03/11/2013 18:50:00","EDT","CENTRL",61754,2042.8
"03/11/2013 18:50:00","EDT","DUNWOD",61760,762.3
"03/11/2013 18:50:00","EDT","GENESE",61753,1208.6
"03/11/2013 18:50:00","EDT","HUD VL",61758,1175.5
"03/11/2013 18:50:00","EDT","LONGIL",61762,2625.6
"03/11/2013 18:50:00","EDT","MHK VL",61756,1096.5
"03/11/2013 18:50:00","EDT","MILLWD",61759,364.2
"03/11/2013 18:50:00","EDT","N.Y.C.",61761,6353.6
"03/11/2013 18:50:00","EDT","NORTH",61755,789.7
"03/11/2013 18:50:00","EDT","WEST",61752,1884.3
"03/11/2013 18:55:00","EDT","CAPITL",61757,1510.3
"03/11/2013 18:55:00","EDT","CENTRL",61754,2012
"03/11/2013 18:55:00","EDT","DUNWOD",61760,769.7
"03/11/2013 18:55:00","EDT","GENESE",61753,1213.9
"03/11/2013 18:55:00","EDT","HUD VL",61758,1157.6
"03/11/2013 18:55:00","EDT","LONGIL",61762,2671
"03/11/2013 18:55:00","EDT","MHK VL",61756,1099.4
"03/11/2013 18:55:00","EDT","MILLWD",61759,382.5
"03/11/2013 18:55:00","EDT","N.Y.C.",61761,6316.2
"03/11/2013 18:55:00","EDT","NORTH",61755,801.5
"03/11/2013 18:55:00","EDT","WEST",61752,1870.6
"03/11/2013 19:00:00","EDT","CAPITL",61757,1525.1
"03/11/2013 19:00:00","EDT","CENTRL",61754,2012.4
"03/11/2013 19:00:00","EDT","DUNWOD",61760,765.7
"03/11/2013 19:00:00","EDT","GENESE",61753,1217.5
"03/11/2013 19:00:00","EDT","HUD VL",61758,1177
"03/11/2013 19:00:00","EDT","LONGIL",61762,2698.1
"03/11/2013 19:00:00","EDT","MHK VL",61756,1112.6
"03/11/2013 19:00:00","EDT","MILLWD",61759,387.2
"03/11/2013 19:00:00","EDT","N.Y.C.",61761,6367.6
"03/11/2013 19:00:00","EDT","NORTH",61755,792
"03/11/2013 19:00:00","EDT","WEST",61752,1868.6
"03/11/2013 19:05:00","EDT","CAPITL",61757,1532.5
"03/11/2013 19:05:00","EDT","CENTRL",61754,1984.8
"03/11/2013 19:05:00","EDT","DUNWOD",61760,766.5
"03/11/2013 19:05:00","EDT","GENESE",61753,1224.9
"03/11/2013 19:05:00","EDT","HUD VL",61758,1178.7
"03/11/2013 19:05:00","EDT","LONGIL",61762,2704.7
"03/11/2013 19:05:00","EDT","MHK VL",61756,1114.4
"03/11/2013 19:05:00","EDT","MILLWD",61759,407.5
"03/11/2013 19:05:00","EDT","N.Y.C.",61761,6386.4
"03/11/2013 19:05:00","EDT","NORTH",61755,798.9
"03/11/2013 19:05:00","EDT","WEST",61752,1876.8
"03/11/2013 19:10:00","EDT","CAPITL",61757,1545.4
"03/11/2013 19:10:00","EDT","CENTRL",61754,2000.9
"03/11/2013 19:10:00","EDT","DUNWOD",61760,781.3
"03/11/2013 19:10:00","EDT","GENESE",61753,1228.6
"03/11/2013 19:10:00","EDT","HUD VL",61758,1193.5
"03/11/2013 19:10:00","EDT","LONGIL",61762,2751.1
"03/11/2013 19:10:00","EDT","MHK VL",61756,1120.9
"03/11/2013 19:10:00","EDT","MILLWD",61759,383.3
"03/11/2013 19:10:00","EDT","N.Y.C.",61761,6376.6
"03/11/2013 19:10:00","EDT","NORTH",61755,810.7
"03/11/2013 19:10:00","EDT","WEST",61752,1874
"03/11/2013 19:15:00","EDT","CAPITL",61757,1549.7
"03/11/2013 19:15:00","EDT","CENTRL",61754,2048.6
"03/11/2013 19:15:00","EDT","DUNWOD",61760,794
"03/11/2013 19:15:00","EDT","GENESE",61753,1244.6
"03/11/2013 19:15:00","EDT","HUD VL",61758,1223.4
"03/11/2013 19:15:00","EDT","LONGIL",61762,2754.6
"03/11/2013 19:15:00","EDT","MHK VL",61756,1128.8
"03/11/2013 19:15:00","EDT","MILLWD",61759,396.5
"03/11/2013 19:15:00","EDT","N.Y.C.",61761,6392.1
"03/11/2013 19:15:00","EDT","NORTH",61755,800.3
"03/11/2013 19:15:00","EDT","WEST",61752,1904.3
"03/11/2013 19:20:00","EDT","CAPITL",61757,1545.3
"03/11/2013 19:20:00","EDT","CENTRL",61754,2047.3
"03/11/2013 19:20:00","EDT","DUNWOD",61760,784
"03/11/2013 19:20:00","EDT","GENESE",61753,1247.8
"03/11/2013 19:20:00","EDT","HUD VL",61758,1215.8
"03/11/2013 19:20:00","EDT","LONGIL",61762,2773.6
"03/11/2013 19:20:00","EDT","MHK VL",61756,1131
"03/11/2013 19:20:00","EDT","MILLWD",61759,400.7
"03/11/2013 19:20:00","EDT","N.Y.C.",61761,6407.6
"03/11/2013 19:20:00","EDT","NORTH",61755,805.1
"03/11/2013 19:20:00","EDT","WEST",61752,1899
"03/11/2013 19:25:00","EDT","CAPITL",61757,1543.2
"03/11/2013 19:25:00","EDT","CENTRL",61754,2074.1
"03/11/2013 19:25:00","EDT","DUNWOD",61760,781
"03/11/2013 19:25:00","EDT","GENESE",61753,1247.6
"03/11/2013 19:25:00","EDT","HUD VL",61758,1222.6
"03/11/2013 19:25:00","EDT","LONGIL",61762,2766.7
"03/11/2013 19:25:00","EDT","MHK VL",61756,1135.5
"03/11/2013 19:25:00","EDT","MILLWD",61759,399.7
"03/11/2013 19:25:00","EDT","N.Y.C.",61761,6433.6
"03/11/2013 19:25:00","EDT","NORTH",61755,797.6
"03/11/2013 19:25:00","EDT","WEST",61752,1944.5
"03/11/2013 19:30:00","EDT","CAPITL",61757,1556.9
"03/11/2013 19:30:00","EDT","CENTRL",61754,2065.9
"03/11/2013 19:30:00","EDT","DUNWOD",61760,781.8
"03/11/2013 19:30:00","EDT","GENESE",61753,1253.8
"03/11/2013 19:30:00","EDT","HUD VL",61758,1221.7
"03/11/2013 19:30:00","EDT","LONGIL",61762,2783.7
"03/11/2013 19:30:00","EDT","MHK VL",61756,1129.7
"03/11/2013 19:30:00","EDT","MILLWD",61759,410.4
"03/11/2013 19:30:00","EDT","N.Y.C.",61761,6425.3
"03/11/2013 19:30:00","EDT","NORTH",61755,807.5
"03/11/2013 19:30:00","EDT","WEST",61752,1915.2
"03/11/2013 19:35:00","EDT","CAPITL",61757,1541
"03/11/2013 19:35:00","EDT","CENTRL",61754,2055
"03/11/2013 19:35:00","EDT","DUNWOD",61760,792.3
"03/11/2013 19:35:00","EDT","GENESE",61753,1256.8
"03/11/2013 19:35:00","EDT","HUD VL",61758,1224.1
"03/11/2013 19:35:00","EDT","LONGIL",61762,2775.9
"03/11/2013 19:35:00","EDT","MHK VL",61756,1135.2
"03/11/2013 19:35:00","EDT","MILLWD",61759,418.4
"03/11/2013 19:35:00","EDT","N.Y.C.",61761,6417.3
"03/11/2013 19:35:00","EDT","NORTH",61755,804.6
"03/11/2013 19:35:00","EDT","WEST",61752,1923.4
"03/11/2013 19:40:00","EDT","CAPITL",61757,1565.3
"03/11/2013 19:40:00","EDT","CENTRL",61754,2050.8
"03/11/2013 19:40:00","EDT","DUNWOD",61760,779.9
"03/11/2013 19:40:00","EDT","GENESE",61753,1260.5
"03/11/2013 19:40:00","EDT","HUD VL",61758,1222.5
"03/11/2013 19:40:00","EDT","LONGIL",61762,2787.4
"03/11/2013 19:40:00","EDT","MHK VL",61756,1134.8
"03/11/2013 19:40:00","EDT","MILLWD",61759,414.5
"03/11/2013 19:40:00","EDT","N.Y.C.",61761,6396.1
"03/11/2013 19:40:00","EDT","NORTH",61755,798.8
"03/11/2013 19:40:00","EDT","WEST",61752,1928.6
"03/11/2013 19:45:00","EDT","CAPITL",61757,1543.1
"03/11/2013 19:45:00","EDT","CENTRL",61754,2072
"03/11/2013 19:45:00","EDT","DUNWOD",61760,783.7
"03/11/2013 19:45:00","EDT","GENESE",61753,1258.5
"03/11/2013 19:45:00","EDT","HUD VL",61758,1219.9
"03/11/2013 19:45:00","EDT","LONGIL",61762,2787.5
"03/11/2013 19:45:00","EDT","MHK VL",61756,1135.2
"03/11/2013 19:45:00","EDT","MILLWD",61759,412.6
"03/11/2013 19:45:00","EDT","N.Y.C.",61761,6411.2
"03/11/2013 19:45:00","EDT","NORTH",61755,803.3
"03/11/2013 19:45:00","EDT","WEST",61752,1955.2
"03/11/2013 19:50:00","EDT","CAPITL",61757,1551.7
"03/11/2013 19:50:00","EDT","CENTRL",61754,2069.1
"03/11/2013 19:50:00","EDT","DUNWOD",61760,781.6
"03/11/2013 19:50:00","EDT","GENESE",61753,1260.6
"03/11/2013 19:50:00","EDT","HUD VL",61758,1244.2
"03/11/2013 19:50:00","EDT","LONGIL",61762,2782.5
"03/11/2013 19:50:00","EDT","MHK VL",61756,1130.4
"03/11/2013 19:50:00","EDT","MILLWD",61759,388.8
"03/11/2013 19:50:00","EDT","N.Y.C.",61761,6431.3
"03/11/2013 19:50:00","EDT","NORTH",61755,800.1
"03/11/2013 19:50:00","EDT","WEST",61752,1929.5
"03/11/2013 19:55:00","EDT","CAPITL",61757,1541.1
"03/11/2013 19:55:00","EDT","CENTRL",61754,2068.9
"03/11/2013 19:55:00","EDT","DUNWOD",61760,798.9
"03/11/2013 19:55:00","EDT","GENESE",61753,1255.5
"03/11/2013 19:55:00","EDT","HUD VL",61758,1226.1
"03/11/2013 19:55:00","EDT","LONGIL",61762,2787.3
"03/11/2013 19:55:00","EDT","MHK VL",61756,1115.4
"03/11/2013 19:55:00","EDT","MILLWD",61759,393.8
"03/11/2013 19:55:00","EDT","N.Y.C.",61761,6398.4
"03/11/2013 19:55:00","EDT","NORTH",61755,807.5
"03/11/2013 19:55:00","EDT","WEST",61752,1951.6
"03/11/2013 20:00:00","EDT","CAPITL",61757,1543.4
"03/11/2013 20:00:00","EDT","CENTRL",61754,2021.1
"03/11/2013 20:00:00","EDT","DUNWOD",61760,767.8
"03/11/2013 20:00:00","EDT","GENESE",61753,1241.7
"03/11/2013 20:00:00","EDT","HUD VL",61758,1201.3
"03/11/2013 20:00:00","EDT","LONGIL",61762,2769.7
"03/11/2013 20:00:00","EDT","MHK VL",61756,1120.3
"03/11/2013 20:00:00","EDT","MILLWD",61759,404.8
"03/11/2013 20:00:00","EDT","N.Y.C.",61761,6385.1
"03/11/2013 20:00:00","EDT","NORTH",61755,813.3
"03/11/2013 20:00:00","EDT","WEST",61752,1941.4
"03/11/2013 20:05:00","EDT","CAPITL",61757,1554.8
"03/11/2013 20:05:00","EDT","CENTRL",61754,2011.1
"03/11/2013 20:05:00","EDT","DUNWOD",61760,786.4
"03/11/2013 20:05:00","EDT","GENESE",61753,1243.1
"03/11/2013 20:05:00","EDT","HUD VL",61758,1211.9
"03/11/2013 20:05:00","EDT","LONGIL",61762,2760.8
"03/11/2013 20:05:00","EDT","MHK VL",61756,1133.7
"03/11/2013 20:05:00","EDT","MILLWD",61759,398.5
"03/11/2013 20:05:00","EDT","N.Y.C.",61761,6353.9
"03/11/2013 20:05:00","EDT","NORTH",61755,800.3
"03/11/2013 20:05:00","EDT","WEST",61752,1909.5
"03/11/2013 20:10:00","EDT","CAPITL",61757,1544.8
"03/11/2013 20:10:00","EDT","CENTRL",61754,2013.5
"03/11/2013 20:10:00","EDT","DUNWOD",61760,780.2
"03/11/2013 20:10:00","EDT","GENESE",61753,1238.7
"03/11/2013 20:10:00","EDT","HUD VL",61758,1216.3
"03/11/2013 20:10:00","EDT","LONGIL",61762,2751.2
"03/11/2013 20:10:00","EDT","MHK VL",61756,1113.1
"03/11/2013 20:10:00","EDT","MILLWD",61759,406.1
"03/11/2013 20:10:00","EDT","N.Y.C.",61761,6325.1
"03/11/2013 20:10:00","EDT","NORTH",61755,808.8
"03/11/2013 20:10:00","EDT","WEST",61752,1921.9
"03/11/2013 20:15:00","EDT","CAPITL",61757,1541.6
"03/11/2013 20:15:00","EDT","CENTRL",61754,2035
"03/11/2013 20:15:00","EDT","DUNWOD",61760,773
"03/11/2013 20:15:00","EDT","GENESE",61753,1233.1
"03/11/2013 20:15:00","EDT","HUD VL",61758,1195.5
"03/11/2013 20:15:00","EDT","LONGIL",61762,2755.7
"03/11/2013 20:15:00","EDT","MHK VL",61756,1119.2
"03/11/2013 20:15:00","EDT","MILLWD",61759,408.1
"03/11/2013 20:15:00","EDT","N.Y.C.",61761,6336.1
"03/11/2013 20:15:00","EDT","NORTH",61755,817.4
"03/11/2013 20:15:00","EDT","WEST",61752,1925.7
"03/11/2013 20:20:00","EDT","CAPITL",61757,1545.4
"03/11/2013 20:20:00","EDT","CENTRL",61754,2025.6
"03/11/2013 20:20:00","EDT","DUNWOD",61760,769.3
"03/11/2013 20:20:00","EDT","GENESE",61753,1230.3
"03/11/2013 20:20:00","EDT","HUD VL",61758,1192.5
"03/11/2013 20:20:00","EDT","LONGIL",61762,2755.9
"03/11/2013 20:20:00","EDT","MHK VL",61756,1116
"03/11/2013 20:20:00","EDT","MILLWD",61759,410.8
"03/11/2013 20:20:00","EDT","N.Y.C.",61761,6273.2
"03/11/2013 20:20:00","EDT","NORTH",61755,810.9
"03/11/2013 20:20:00","EDT","WEST",61752,1895
"03/11/2013 20:25:00","EDT","CAPITL",61757,1533.3
"03/11/2013 20:25:00","EDT","CENTRL",61754,2044.1
"03/11/2013 20:25:00","EDT","DUNWOD",61760,766.4
"03/11/2013 20:25:00","EDT","GENESE",61753,1224.7
"03/11/2013 20:25:00","EDT","HUD VL",61758,1200.9
"03/11/2013 20:25:00","EDT","LONGIL",61762,2751.4
"03/11/2013 20:25:00","EDT","MHK VL",61756,1123.4
"03/11/2013 20:25:00","EDT","MILLWD",61759,417.1
"03/11/2013 20:25:00","EDT","N.Y.C.",61761,6255
"03/11/2013 20:25:00","EDT","NORTH",61755,805.6
"03/11/2013 20:25:00","EDT","WEST",61752,1903
"03/11/2013 20:30:00","EDT","CAPITL",61757,1523.5
"03/11/2013 20:30:00","EDT","CENTRL",61754,2026.8
"03/11/2013 20:30:00","EDT","DUNWOD",61760,773
"03/11/2013 20:30:00","EDT","GENESE",61753,1228.8
"03/11/2013 20:30:00","EDT","HUD VL",61758,1222.8
"03/11/2013 20:30:00","EDT","LONGIL",61762,2741.8
"03/11/2013 20:30:00","EDT","MHK VL",61756,1119.4
"03/11/2013 20:30:00","EDT","MILLWD",61759,404.9
"03/11/2013 20:30:00","EDT","N.Y.C.",61761,6249.6
"03/11/2013 20:30:00","EDT","NORTH",61755,804.3
"03/11/2013 20:30:00","EDT","WEST",61752,1916.4
"03/11/2013 20:35:00","EDT","CAPITL",61757,1528.5
"03/11/2013 20:35:00","EDT","CENTRL",61754,1988.8
"03/11/2013 20:35:00","EDT","DUNWOD",61760,771
"03/11/2013 20:35:00","EDT","GENESE",61753,1226.4
"03/11/2013 20:35:00","EDT","HUD VL",61758,1201.2
"03/11/2013 20:35:00","EDT","LONGIL",61762,2730.5
"03/11/2013 20:35:00","EDT","MHK VL",61756,1112.4
"03/11/2013 20:35:00","EDT","MILLWD",61759,407.7
"03/11/2013 20:35:00","EDT","N.Y.C.",61761,6255.4
"03/11/2013 20:35:00","EDT","NORTH",61755,802.3
"03/11/2013 20:35:00","EDT","WEST",61752,1889.5
"03/11/2013 20:40:00","EDT","CAPITL",61757,1506.4
"03/11/2013 20:40:00","EDT","CENTRL",61754,2029.5
"03/11/2013 20:40:00","EDT","DUNWOD",61760,764.9
"03/11/2013 20:40:00","EDT","GENESE",61753,1227.3
"03/11/2013 20:40:00","EDT","HUD VL",61758,1201.9
"03/11/2013 20:40:00","EDT","LONGIL",61762,2736.7
"03/11/2013 20:40:00","EDT","MHK VL",61756,1109.2
"03/11/2013 20:40:00","EDT","MILLWD",61759,406.8
"03/11/2013 20:40:00","EDT","N.Y.C.",61761,6203.9
"03/11/2013 20:40:00","EDT","NORTH",61755,801.8
"03/11/2013 20:40:00","EDT","WEST",61752,1899.8
"03/11/2013 20:45:00","EDT","CAPITL",61757,1497.6
"03/11/2013 20:45:00","EDT","CENTRL",61754,2010
"03/11/2013 20:45:00","EDT","DUNWOD",61760,774.7
"03/11/2013 20:45:00","EDT","GENESE",61753,1218.3
"03/11/2013 20:45:00","EDT","HUD VL",61758,1196.3
"03/11/2013 20:45:00","EDT","LONGIL",61762,2705.7
"03/11/2013 20:45:00","EDT","MHK VL",61756,1104.2
"03/11/2013 20:45:00","EDT","MILLWD",61759,386
"03/11/2013 20:45:00","EDT","N.Y.C.",61761,6230.7
"03/11/2013 20:45:00","EDT","NORTH",61755,800.1
"03/11/2013 20:45:00","EDT","WEST",61752,1907.8
"03/11/2013 20:50:00","EDT","CAPITL",61757,1500.2
"03/11/2013 20:50:00","EDT","CENTRL",61754,2021.3
"03/11/2013 20:50:00","EDT","DUNWOD",61760,760.8
"03/11/2013 20:50:00","EDT","GENESE",61753,1216.2
"03/11/2013 20:50:00","EDT","HUD VL",61758,1187.9
"03/11/2013 20:50:00","EDT","LONGIL",61762,2700.9
"03/11/2013 20:50:00","EDT","MHK VL",61756,1102.9
"03/11/2013 20:50:00","EDT","MILLWD",61759,417
"03/11/2013 20:50:00","EDT","N.Y.C.",61761,6170
"03/11/2013 20:50:00","EDT","NORTH",61755,796.5
"03/11/2013 20:50:00","EDT","WEST",61752,1883.1
"03/11/2013 20:55:00","EDT","CAPITL",61757,1493.3
"03/11/2013 20:55:00","EDT","CENTRL",61754,2017
"03/11/2013 20:55:00","EDT","DUNWOD",61760,751.5
"03/11/2013 20:55:00","EDT","GENESE",61753,1211.7
"03/11/2013 20:55:00","EDT","HUD VL",61758,1164.3
"03/11/2013 20:55:00","EDT","LONGIL",61762,2683
"03/11/2013 20:55:00","EDT","MHK VL",61756,1096.2
"03/11/2013 20:55:00","EDT","MILLWD",61759,405.9
"03/11/2013 20:55:00","EDT","N.Y.C.",61761,6198.6
"03/11/2013 20:55:00","EDT","NORTH",61755,797.6
"03/11/2013 20:55:00","EDT","WEST",61752,1895.8
"03/11/2013 21:00:00","EDT","CAPITL",61757,1494.2
"03/11/2013 21:00:00","EDT","CENTRL",61754,1948.2
"03/11/2013 21:00:00","EDT","DUNWOD",61760,765.4
"03/11/2013 21:00:00","EDT","GENESE",61753,1205.7
"03/11/2013 21:00:00","EDT","HUD VL",61758,1195.8
"03/11/2013 21:00:00","EDT","LONGIL",61762,2690.7
"03/11/2013 21:00:00","EDT","MHK VL",61756,1086
"03/11/2013 21:00:00","EDT","MILLWD",61759,384.6
"03/11/2013 21:00:00","EDT","N.Y.C.",61761,6158.6
"03/11/2013 21:00:00","EDT","NORTH",61755,795.2
"03/11/2013 21:00:00","EDT","WEST",61752,1895.9
"03/11/2013 21:05:00","EDT","CAPITL",61757,1480.9
"03/11/2013 21:05:00","EDT","CENTRL",61754,1946.8
"03/11/2013 21:05:00","EDT","DUNWOD",61760,753.2
"03/11/2013 21:05:00","EDT","GENESE",61753,1192.2
"03/11/2013 21:05:00","EDT","HUD VL",61758,1173.7
"03/11/2013 21:05:00","EDT","LONGIL",61762,2671.5
"03/11/2013 21:05:00","EDT","MHK VL",61756,1078
"03/11/2013 21:05:00","EDT","MILLWD",61759,372.8
"03/11/2013 21:05:00","EDT","N.Y.C.",61761,6140.6
"03/11/2013 21:05:00","EDT","NORTH",61755,789.1
"03/11/2013 21:05:00","EDT","WEST",61752,1878.2
"03/11/2013 21:10:00","EDT","CAPITL",61757,1461.8
"03/11/2013 21:10:00","EDT","CENTRL",61754,1924.4
"03/11/2013 21:10:00","EDT","DUNWOD",61760,755.8
"03/11/2013 21:10:00","EDT","GENESE",61753,1199.3
"03/11/2013 21:10:00","EDT","HUD VL",61758,1177
"03/11/2013 21:10:00","EDT","LONGIL",61762,2642.4
"03/11/2013 21:10:00","EDT","MHK VL",61756,1059.6
"03/11/2013 21:10:00","EDT","MILLWD",61759,389.2
"03/11/2013 21:10:00","EDT","N.Y.C.",61761,6098.8
"03/11/2013 21:10:00","EDT","NORTH",61755,795.1
"03/11/2013 21:10:00","EDT","WEST",61752,1888.2
"03/11/2013 21:15:00","EDT","CAPITL",61757,1456.4
"03/11/2013 21:15:00","EDT","CENTRL",61754,1940.9
"03/11/2013 21:15:00","EDT","DUNWOD",61760,743.1
"03/11/2013 21:15:00","EDT","GENESE",61753,1189.1
"03/11/2013 21:15:00","EDT","HUD VL",61758,1159.8
"03/11/2013 21:15:00","EDT","LONGIL",61762,2634.2
"03/11/2013 21:15:00","EDT","MHK VL",61756,1073.8
"03/11/2013 21:15:00","EDT","MILLWD",61759,385.8
"03/11/2013 21:15:00","EDT","N.Y.C.",61761,6095.3
"03/11/2013 21:15:00","EDT","NORTH",61755,745.1
"03/11/2013 21:15:00","EDT","WEST",61752,1872.4
"03/11/2013 21:20:00","EDT","CAPITL",61757,1448.3
"03/11/2013 21:20:00","EDT","CENTRL",61754,1949.7
"03/11/2013 21:20:00","EDT","DUNWOD",61760,744.5
"03/11/2013 21:20:00","EDT","GENESE",61753,1168.1
"03/11/2013 21:20:00","EDT","HUD VL",61758,1152.2
"03/11/2013 21:20:00","EDT","LONGIL",61762,2630.3
"03/11/2013 21:20:00","EDT","MHK VL",61756,1060.3
"03/11/2013 21:20:00","EDT","MILLWD",61759,376.5
"03/11/2013 21:20:00","EDT","N.Y.C.",61761,6076.3
"03/11/2013 21:20:00","EDT","NORTH",61755,771.7
"03/11/2013 21:20:00","EDT","WEST",61752,1860.2
"03/11/2013 21:25:00","EDT","CAPITL",61757,1440
"03/11/2013 21:25:00","EDT","CENTRL",61754,1928.9
"03/11/2013 21:25:00","EDT","DUNWOD",61760,730.5
"03/11/2013 21:25:00","EDT","GENESE",61753,1166.4
"03/11/2013 21:25:00","EDT","HUD VL",61758,1143.1
"03/11/2013 21:25:00","EDT","LONGIL",61762,2633.9
"03/11/2013 21:25:00","EDT","MHK VL",61756,1045.9
"03/11/2013 21:25:00","EDT","MILLWD",61759,381
"03/11/2013 21:25:00","EDT","N.Y.C.",61761,6059.4
"03/11/2013 21:25:00","EDT","NORTH",61755,795.1
"03/11/2013 21:25:00","EDT","WEST",61752,1855.6
"03/11/2013 21:30:00","EDT","CAPITL",61757,1434.6
"03/11/2013 21:30:00","EDT","CENTRL",61754,1931.2
"03/11/2013 21:30:00","EDT","DUNWOD",61760,725.2
"03/11/2013 21:30:00","EDT","GENESE",61753,1163.3
"03/11/2013 21:30:00","EDT","HUD VL",61758,1122.3
"03/11/2013 21:30:00","EDT","LONGIL",61762,2607.8
"03/11/2013 21:30:00","EDT","MHK VL",61756,1040.9
"03/11/2013 21:30:00","EDT","MILLWD",61759,373.7
"03/11/2013 21:30:00","EDT","N.Y.C.",61761,6032.8
"03/11/2013 21:30:00","EDT","NORTH",61755,797.9
"03/11/2013 21:30:00","EDT","WEST",61752,1840.5
"03/11/2013 21:35:00","EDT","CAPITL",61757,1416.8
"03/11/2013 21:35:00","EDT","CENTRL",61754,1912.7
"03/11/2013 21:35:00","EDT","DUNWOD",61760,721.5
"03/11/2013 21:35:00","EDT","GENESE",61753,1156.3
"03/11/2013 21:35:00","EDT","HUD VL",61758,1119.8
"03/11/2013 21:35:00","EDT","LONGIL",61762,2585.6
"03/11/2013 21:35:00","EDT","MHK VL",61756,1037.1
"03/11/2013 21:35:00","EDT","MILLWD",61759,374.9
"03/11/2013 21:35:00","EDT","N.Y.C.",61761,5992.5
"03/11/2013 21:35:00","EDT","NORTH",61755,788.6
"03/11/2013 21:35:00","EDT","WEST",61752,1845.2
"03/11/2013 21:40:00","EDT","CAPITL",61757,1410.8
"03/11/2013 21:40:00","EDT","CENTRL",61754,1863
"03/11/2013 21:40:00","EDT","DUNWOD",61760,715.8
"03/11/2013 21:40:00","EDT","GENESE",61753,1152.1
"03/11/2013 21:40:00","EDT","HUD VL",61758,1138.9
"03/11/2013 21:40:00","EDT","LONGIL",61762,2569.4
"03/11/2013 21:40:00","EDT","MHK VL",61756,1030.6
"03/11/2013 21:40:00","EDT","MILLWD",61759,360.7
"03/11/2013 21:40:00","EDT","N.Y.C.",61761,5982.8
"03/11/2013 21:40:00","EDT","NORTH",61755,782.1
"03/11/2013 21:40:00","EDT","WEST",61752,1833.1
"03/11/2013 21:45:00","EDT","CAPITL",61757,1405.4
"03/11/2013 21:45:00","EDT","CENTRL",61754,1903.1
"03/11/2013 21:45:00","EDT","DUNWOD",61760,730.5
"03/11/2013 21:45:00","EDT","GENESE",61753,1137.4
"03/11/2013 21:45:00","EDT","HUD VL",61758,1128.2
"03/11/2013 21:45:00","EDT","LONGIL",61762,2543.1
"03/11/2013 21:45:00","EDT","MHK VL",61756,1023
"03/11/2013 21:45:00","EDT","MILLWD",61759,364.6
"03/11/2013 21:45:00","EDT","N.Y.C.",61761,5955.8
"03/11/2013 21:45:00","EDT","NORTH",61755,777.4
"03/11/2013 21:45:00","EDT","WEST",61752,1835.3
"03/11/2013 21:50:00","EDT","CAPITL",61757,1389.3
"03/11/2013 21:50:00","EDT","CENTRL",61754,1887.4
"03/11/2013 21:50:00","EDT","DUNWOD",61760,698.5
"03/11/2013 21:50:00","EDT","GENESE",61753,1131.2
"03/11/2013 21:50:00","EDT","HUD VL",61758,1115.6
"03/11/2013 21:50:00","EDT","LONGIL",61762,2527.4
"03/11/2013 21:50:00","EDT","MHK VL",61756,1016.9
"03/11/2013 21:50:00","EDT","MILLWD",61759,360.4
"03/11/2013 21:50:00","EDT","N.Y.C.",61761,5967.9
"03/11/2013 21:50:00","EDT","NORTH",61755,783.4
"03/11/2013 21:50:00","EDT","WEST",61752,1833
"03/11/2013 21:55:00","EDT","CAPITL",61757,1383.7
"03/11/2013 21:55:00","EDT","CENTRL",61754,1891.2
"03/11/2013 21:55:00","EDT","DUNWOD",61760,719.5
"03/11/2013 21:55:00","EDT","GENESE",61753,1123.8
"03/11/2013 21:55:00","EDT","HUD VL",61758,1113.2
"03/11/2013 21:55:00","EDT","LONGIL",61762,2516.1
"03/11/2013 21:55:00","EDT","MHK VL",61756,1017.5
"03/11/2013 21:55:00","EDT","MILLWD",61759,347.2
"03/11/2013 21:55:00","EDT","N.Y.C.",61761,5919.4
"03/11/2013 21:55:00","EDT","NORTH",61755,777.4
"03/11/2013 21:55:00","EDT","WEST",61752,1805
"03/11/2013 22:00:00","EDT","CAPITL",61757,1383
"03/11/2013 22:00:00","EDT","CENTRL",61754,1820.6
"03/11/2013 22:00:00","EDT","DUNWOD",61760,702.7
"03/11/2013 22:00:00","EDT","GENESE",61753,1111.7
"03/11/2013 22:00:00","EDT","HUD VL",61758,1104.6
"03/11/2013 22:00:00","EDT","LONGIL",61762,2503.8
"03/11/2013 22:00:00","EDT","MHK VL",61756,1012.2
"03/11/2013 22:00:00","EDT","MILLWD",61759,355.1
"03/11/2013 22:00:00","EDT","N.Y.C.",61761,5857.9
"03/11/2013 22:00:00","EDT","NORTH",61755,782
"03/11/2013 22:00:00","EDT","WEST",61752,1777.9
"03/11/2013 22:05:00","EDT","CAPITL",61757,1369.7
"03/11/2013 22:05:00","EDT","CENTRL",61754,1786.7
"03/11/2013 22:05:00","EDT","DUNWOD",61760,699.7
"03/11/2013 22:05:00","EDT","GENESE",61753,1106.9
"03/11/2013 22:05:00","EDT","HUD VL",61758,1089.1
"03/11/2013 22:05:00","EDT","LONGIL",61762,2470.7
"03/11/2013 22:05:00","EDT","MHK VL",61756,989.4
"03/11/2013 22:05:00","EDT","MILLWD",61759,345.6
"03/11/2013 22:05:00","EDT","N.Y.C.",61761,5852.8
"03/11/2013 22:05:00","EDT","NORTH",61755,790.3
"03/11/2013 22:05:00","EDT","WEST",61752,1775.5
"03/11/2013 22:10:00","EDT","CAPITL",61757,1338.9
"03/11/2013 22:10:00","EDT","CENTRL",61754,1841.9
"03/11/2013 22:10:00","EDT","DUNWOD",61760,688.1
"03/11/2013 22:10:00","EDT","GENESE",61753,1087.9
"03/11/2013 22:10:00","EDT","HUD VL",61758,1088.9
"03/11/2013 22:10:00","EDT","LONGIL",61762,2435
"03/11/2013 22:10:00","EDT","MHK VL",61756,978
"03/11/2013 22:10:00","EDT","MILLWD",61759,342.9
"03/11/2013 22:10:00","EDT","N.Y.C.",61761,5870.8
"03/11/2013 22:10:00","EDT","NORTH",61755,762.9
"03/11/2013 22:10:00","EDT","WEST",61752,1777.6
"03/11/2013 22:15:00","EDT","CAPITL",61757,1326.2
"03/11/2013 22:15:00","EDT","CENTRL",61754,1810.1
"03/11/2013 22:15:00","EDT","DUNWOD",61760,691.4
"03/11/2013 22:15:00","EDT","GENESE",61753,1080.5
"03/11/2013 22:15:00","EDT","HUD VL",61758,1053.1
"03/11/2013 22:15:00","EDT","LONGIL",61762,2411.5
"03/11/2013 22:15:00","EDT","MHK VL",61756,968.9
"03/11/2013 22:15:00","EDT","MILLWD",61759,339.3
"03/11/2013 22:15:00","EDT","N.Y.C.",61761,5778.4
"03/11/2013 22:15:00","EDT","NORTH",61755,774
"03/11/2013 22:15:00","EDT","WEST",61752,1765.3
"03/11/2013 22:20:00","EDT","CAPITL",61757,1329.3
"03/11/2013 22:20:00","EDT","CENTRL",61754,1815.5
"03/11/2013 22:20:00","EDT","DUNWOD",61760,700.5
"03/11/2013 22:20:00","EDT","GENESE",61753,1070.2
"03/11/2013 22:20:00","EDT","HUD VL",61758,1053.1
"03/11/2013 22:20:00","EDT","LONGIL",61762,2391.4
"03/11/2013 22:20:00","EDT","MHK VL",61756,950.1
"03/11/2013 22:20:00","EDT","MILLWD",61759,324.4
"03/11/2013 22:20:00","EDT","N.Y.C.",61761,5731.1
"03/11/2013 22:20:00","EDT","NORTH",61755,756.8
"03/11/2013 22:20:00","EDT","WEST",61752,1775.9
"03/11/2013 22:25:00","EDT","CAPITL",61757,1321.2
"03/11/2013 22:25:00","EDT","CENTRL",61754,1790
"03/11/2013 22:25:00","EDT","DUNWOD",61760,677.7
"03/11/2013 22:25:00","EDT","GENESE",61753,1072.5
"03/11/2013 22:25:00","EDT","HUD VL",61758,1062.5
"03/11/2013 22:25:00","EDT","LONGIL",61762,2378.6
"03/11/2013 22:25:00","EDT","MHK VL",61756,923.2
"03/11/2013 22:25:00","EDT","MILLWD",61759,323.6
"03/11/2013 22:25:00","EDT","N.Y.C.",61761,5723.6
"03/11/2013 22:25:00","EDT","NORTH",61755,768.3
"03/11/2013 22:25:00","EDT","WEST",61752,1767.8
"03/11/2013 22:30:00","EDT","CAPITL",61757,1309.1
"03/11/2013 22:30:00","EDT","CENTRL",61754,1750.3
"03/11/2013 22:30:00","EDT","DUNWOD",61760,673.1
"03/11/2013 22:30:00","EDT","GENESE",61753,1062
"03/11/2013 22:30:00","EDT","HUD VL",61758,1030.3
"03/11/2013 22:30:00","EDT","LONGIL",61762,2359.3
"03/11/2013 22:30:00","EDT","MHK VL",61756,921.5
"03/11/2013 22:30:00","EDT","MILLWD",61759,309
"03/11/2013 22:30:00","EDT","N.Y.C.",61761,5682.6
"03/11/2013 22:30:00","EDT","NORTH",61755,758.5
"03/11/2013 22:30:00","EDT","WEST",61752,1761.1
"03/11/2013 22:35:00","EDT","CAPITL",61757,1308.7
"03/11/2013 22:35:00","EDT","CENTRL",61754,1767
"03/11/2013 22:35:00","EDT","DUNWOD",61760,668.4
"03/11/2013 22:35:00","EDT","GENESE",61753,1061.7
"03/11/2013 22:35:00","EDT","HUD VL",61758,1026.5
"03/11/2013 22:35:00","EDT","LONGIL",61762,2328.3
"03/11/2013 22:35:00","EDT","MHK VL",61756,912.7
"03/11/2013 22:35:00","EDT","MILLWD",61759,323.9
"03/11/2013 22:35:00","EDT","N.Y.C.",61761,5648.2
"03/11/2013 22:35:00","EDT","NORTH",61755,767.7
"03/11/2013 22:35:00","EDT","WEST",61752,1728.7
"03/11/2013 22:40:00","EDT","CAPITL",61757,1302.1
"03/11/2013 22:40:00","EDT","CENTRL",61754,1745.4
"03/11/2013 22:40:00","EDT","DUNWOD",61760,668.3
"03/11/2013 22:40:00","EDT","GENESE",61753,1046.5
"03/11/2013 22:40:00","EDT","HUD VL",61758,1019.3
"03/11/2013 22:40:00","EDT","LONGIL",61762,2321.5
"03/11/2013 22:40:00","EDT","MHK VL",61756,904.7
"03/11/2013 22:40:00","EDT","MILLWD",61759,324.2
"03/11/2013 22:40:00","EDT","N.Y.C.",61761,5578.1
"03/11/2013 22:40:00","EDT","NORTH",61755,762.4
"03/11/2013 22:40:00","EDT","WEST",61752,1720.5
"03/11/2013 22:45:00","EDT","CAPITL",61757,1272.6
"03/11/2013 22:45:00","EDT","CENTRL",61754,1741.3
"03/11/2013 22:45:00","EDT","DUNWOD",61760,667.1
"03/11/2013 22:45:00","EDT","GENESE",61753,1047
"03/11/2013 22:45:00","EDT","HUD VL",61758,1026.2
"03/11/2013 22:45:00","EDT","LONGIL",61762,2297.1
"03/11/2013 22:45:00","EDT","MHK VL",61756,907.6
"03/11/2013 22:45:00","EDT","MILLWD",61759,298.9
"03/11/2013 22:45:00","EDT","N.Y.C.",61761,5577.1
"03/11/2013 22:45:00","EDT","NORTH",61755,752.8
"03/11/2013 22:45:00","EDT","WEST",61752,1726.1
"03/11/2013 22:50:00","EDT","CAPITL",61757,1257
"03/11/2013 22:50:00","EDT","CENTRL",61754,1735.6
"03/11/2013 22:50:00","EDT","DUNWOD",61760,643.6
"03/11/2013 22:50:00","EDT","GENESE",61753,1026.5
"03/11/2013 22:50:00","EDT","HUD VL",61758,995.8
"03/11/2013 22:50:00","EDT","LONGIL",61762,2283.2
"03/11/2013 22:50:00","EDT","MHK VL",61756,894.4
"03/11/2013 22:50:00","EDT","MILLWD",61759,318.6
"03/11/2013 22:50:00","EDT","N.Y.C.",61761,5554.9
"03/11/2013 22:50:00","EDT","NORTH",61755,760.1
"03/11/2013 22:50:00","EDT","WEST",61752,1701.6
"03/11/2013 22:55:00","EDT","CAPITL",61757,1246.7
"03/11/2013 22:55:00","EDT","CENTRL",61754,1685.1
"03/11/2013 22:55:00","EDT","DUNWOD",61760,647.2
"03/11/2013 22:55:00","EDT","GENESE",61753,1024.9
"03/11/2013 22:55:00","EDT","HUD VL",61758,1003.6
"03/11/2013 22:55:00","EDT","LONGIL",61762,2270.2
"03/11/2013 22:55:00","EDT","MHK VL",61756,887.8
"03/11/2013 22:55:00","EDT","MILLWD",61759,303.5
"03/11/2013 22:55:00","EDT","N.Y.C.",61761,5520.8
"03/11/2013 22:55:00","EDT","NORTH",61755,742.9
"03/11/2013 22:55:00","EDT","WEST",61752,1693.3
"03/11/2013 23:00:00","EDT","CAPITL",61757,1248.8
"03/11/2013 23:00:00","EDT","CENTRL",61754,1661.6
"03/11/2013 23:00:00","EDT","DUNWOD",61760,648.4
"03/11/2013 23:00:00","EDT","GENESE",61753,1017.2
"03/11/2013 23:00:00","EDT","HUD VL",61758,1011.9
"03/11/2013 23:00:00","EDT","LONGIL",61762,2227.6
"03/11/2013 23:00:00","EDT","MHK VL",61756,882.1
"03/11/2013 23:00:00","EDT","MILLWD",61759,286
"03/11/2013 23:00:00","EDT","N.Y.C.",61761,5483.3
"03/11/2013 23:00:00","EDT","NORTH",61755,746.9
"03/11/2013 23:00:00","EDT","WEST",61752,1662.2
"03/11/2013 23:05:00","EDT","CAPITL",61757,1240.2
"03/11/2013 23:05:00","EDT","CENTRL",61754,1678.7
"03/11/2013 23:05:00","EDT","DUNWOD",61760,648.6
"03/11/2013 23:05:00","EDT","GENESE",61753,1012.8
"03/11/2013 23:05:00","EDT","HUD VL",61758,956.4
"03/11/2013 23:05:00","EDT","LONGIL",61762,2208.5
"03/11/2013 23:05:00","EDT","MHK VL",61756,866
"03/11/2013 23:05:00","EDT","MILLWD",61759,303.7
"03/11/2013 23:05:00","EDT","N.Y.C.",61761,5433.2
"03/11/2013 23:05:00","EDT","NORTH",61755,748.7
"03/11/2013 23:05:00","EDT","WEST",61752,1666.3
"03/11/2013 23:10:00","EDT","CAPITL",61757,1201.1
"03/11/2013 23:10:00","EDT","CENTRL",61754,1679
"03/11/2013 23:10:00","EDT","DUNWOD",61760,629.1
"03/11/2013 23:10:00","EDT","GENESE",61753,999.9
"03/11/2013 23:10:00","EDT","HUD VL",61758,970.5
"03/11/2013 23:10:00","EDT","LONGIL",61762,2165.9
"03/11/2013 23:10:00","EDT","MHK VL",61756,861.3
"03/11/2013 23:10:00","EDT","MILLWD",61759,303.7
"03/11/2013 23:10:00","EDT","N.Y.C.",61761,5361
"03/11/2013 23:10:00","EDT","NORTH",61755,742.1
"03/11/2013 23:10:00","EDT","WEST",61752,1661.5
"03/11/2013 23:15:00","EDT","CAPITL",61757,1209
"03/11/2013 23:15:00","EDT","CENTRL",61754,1639.7
"03/11/2013 23:15:00","EDT","DUNWOD",61760,628.1
"03/11/2013 23:15:00","EDT","GENESE",61753,990.7
"03/11/2013 23:15:00","EDT","HUD VL",61758,942.4
"03/11/2013 23:15:00","EDT","LONGIL",61762,2147.9
"03/11/2013 23:15:00","EDT","MHK VL",61756,851.7
"03/11/2013 23:15:00","EDT","MILLWD",61759,305.2
"03/11/2013 23:15:00","EDT","N.Y.C.",61761,5310.1
"03/11/2013 23:15:00","EDT","NORTH",61755,740.4
"03/11/2013 23:15:00","EDT","WEST",61752,1657.7
"03/11/2013 23:20:00","EDT","CAPITL",61757,1195.3
"03/11/2013 23:20:00","EDT","CENTRL",61754,1646.1
"03/11/2013 23:20:00","EDT","DUNWOD",61760,623.9
"03/11/2013 23:20:00","EDT","GENESE",61753,1003.7
"03/11/2013 23:20:00","EDT","HUD VL",61758,944.9
"03/11/2013 23:20:00","EDT","LONGIL",61762,2126.3
"03/11/2013 23:20:00","EDT","MHK VL",61756,843.1
"03/11/2013 23:20:00","EDT","MILLWD",61759,285.3
"03/11/2013 23:20:00","EDT","N.Y.C.",61761,5270.7
"03/11/2013 23:20:00","EDT","NORTH",61755,753
"03/11/2013 23:20:00","EDT","WEST",61752,1654.2
"03/11/2013 23:25:00","EDT","CAPITL",61757,1186.1
"03/11/2013 23:25:00","EDT","CENTRL",61754,1659.6
"03/11/2013 23:25:00","EDT","DUNWOD",61760,617.9
"03/11/2013 23:25:00","EDT","GENESE",61753,983.4
"03/11/2013 23:25:00","EDT","HUD VL",61758,948.8
"03/11/2013 23:25:00","EDT","LONGIL",61762,2117.5
"03/11/2013 23:25:00","EDT","MHK VL",61756,836.8
"03/11/2013 23:25:00","EDT","MILLWD",61759,278
"03/11/2013 23:25:00","EDT","N.Y.C.",61761,5287
"03/11/2013 23:25:00","EDT","NORTH",61755,765.4
"03/11/2013 23:25:00","EDT","WEST",61752,1662.1
"03/11/2013 23:30:00","EDT","CAPITL",61757,1180
"03/11/2013 23:30:00","EDT","CENTRL",61754,1600.6
"03/11/2013 23:30:00","EDT","DUNWOD",61760,613.3
"03/11/2013 23:30:00","EDT","GENESE",61753,978.9
"03/11/2013 23:30:00","EDT","HUD VL",61758,941.2
"03/11/2013 23:30:00","EDT","LONGIL",61762,2098.9
"03/11/2013 23:30:00","EDT","MHK VL",61756,835.1
"03/11/2013 23:30:00","EDT","MILLWD",61759,260.3
"03/11/2013 23:30:00","EDT","N.Y.C.",61761,5223.5
"03/11/2013 23:30:00","EDT","NORTH",61755,739.8
"03/11/2013 23:30:00","EDT","WEST",61752,1641.5
"03/11/2013 23:35:00","EDT","CAPITL",61757,1189.6
"03/11/2013 23:35:00","EDT","CENTRL",61754,1634
"03/11/2013 23:35:00","EDT","DUNWOD",61760,598.1
"03/11/2013 23:35:00","EDT","GENESE",61753,964.3
"03/11/2013 23:35:00","EDT","HUD VL",61758,910.3
"03/11/2013 23:35:00","EDT","LONGIL",61762,2087.1
"03/11/2013 23:35:00","EDT","MHK VL",61756,829.1
"03/11/2013 23:35:00","EDT","MILLWD",61759,274
"03/11/2013 23:35:00","EDT","N.Y.C.",61761,5184.3
"03/11/2013 23:35:00","EDT","NORTH",61755,759
"03/11/2013 23:35:00","EDT","WEST",61752,1629
"03/11/2013 23:40:00","EDT","CAPITL",61757,1164.4
"03/11/2013 23:40:00","EDT","CENTRL",61754,1607.4
"03/11/2013 23:40:00","EDT","DUNWOD",61760,594.4
"03/11/2013 23:40:00","EDT","GENESE",61753,961.1
"03/11/2013 23:40:00","EDT","HUD VL",61758,926.5
"03/11/2013 23:40:00","EDT","LONGIL",61762,2057.9
"03/11/2013 23:40:00","EDT","MHK VL",61756,819.5
"03/11/2013 23:40:00","EDT","MILLWD",61759,270.8
"03/11/2013 23:40:00","EDT","N.Y.C.",61761,5127.4
"03/11/2013 23:40:00","EDT","NORTH",61755,743
"03/11/2013 23:40:00","EDT","WEST",61752,1616.4
"03/11/2013 23:45:00","EDT","CAPITL",61757,1152.2
"03/11/2013 23:45:00","EDT","CENTRL",61754,1601
"03/11/2013 23:45:00","EDT","DUNWOD",61760,594.3
"03/11/2013 23:45:00","EDT","GENESE",61753,952.4
"03/11/2013 23:45:00","EDT","HUD VL",61758,942.1
"03/11/2013 23:45:00","EDT","LONGIL",61762,2036.1
"03/11/2013 23:45:00","EDT","MHK VL",61756,821.3
"03/11/2013 23:45:00","EDT","MILLWD",61759,261.3
"03/11/2013 23:45:00","EDT","N.Y.C.",61761,5091.8
"03/11/2013 23:45:00","EDT","NORTH",61755,733.6
"03/11/2013 23:45:00","EDT","WEST",61752,1616.7
"03/11/2013 23:50:00","EDT","CAPITL",61757,1147.3
"03/11/2013 23:50:00","EDT","CENTRL",61754,1600.8
"03/11/2013 23:50:00","EDT","DUNWOD",61760,603.2
"03/11/2013 23:50:00","EDT","GENESE",61753,951.6
"03/11/2013 23:50:00","EDT","HUD VL",61758,929.6
"03/11/2013 23:50:00","EDT","LONGIL",61762,2018
"03/11/2013 23:50:00","EDT","MHK VL",61756,816.9
"03/11/2013 23:50:00","EDT","MILLWD",61759,257
"03/11/2013 23:50:00","EDT","N.Y.C.",61761,5061.3
"03/11/2013 23:50:00","EDT","NORTH",61755,724.9
"03/11/2013 23:50:00","EDT","WEST",61752,1622.1
"03/11/2013 23:55:00","EDT","CAPITL",61757,1139.6
"03/11/2013 23:55:00","EDT","CENTRL",61754,1546.5
"03/11/2013 23:55:00","EDT","DUNWOD",61760,603.1
"03/11/2013 23:55:00","EDT","GENESE",61753,939.4
"03/11/2013 23:55:00","EDT","HUD VL",61758,903.7
"03/11/2013 23:55:00","EDT","LONGIL",61762,2013
"03/11/2013 23:55:00","EDT","MHK VL",61756,816.4
"03/11/2013 23:55:00","EDT","MILLWD",61759,253.2
"03/11/2013 23:55:00","EDT","N.Y.C.",61761,5022.4
"03/11/2013 23:55:00","EDT","NORTH",61755,740.2
"03/11/2013 23:55:00","EDT","WEST",61752,1610
